0.8842025 0.1452154 0.1030284 0.1307182 0.1085161 0.1023424 0.1038084 0.1121759 0.1055175 0.1026301 0.1046336 0.1124319 0.1004334 0.0991106 0.0925203 0.0948373 -0.0141998 0.0076863 0.0093801 0.0026328 0.0004905 0.0252326 0.0034936 0.0068906 0.0189497 0.0131900 0.0180711 0.0039501 0.0071242 0.0022226 0.0158212 0.0044708 0.0131056 0.0140271 0.0011638 0.0181129 0.0093282 0.0087027 0.0165381 0.0108154 0.0033979 -0.0027622 -0.0040023 -0.0016862 0.0143294 0.0100425 -0.0003111 -0.0197243 -0.0645270 -0.0179386 -0.0337249 -0.0373475 -0.0363396 -0.0165354 -0.0331078 -0.0371497 -0.0520126 -0.0411885 -0.0139288 -0.0298484 -0.0113439 -0.0263757 -0.0276193 -0.0143412 -0.0382466 -0.0137679 -0.0446841 -0.0195215 -0.0478939 0.0011271 -0.0408621 -0.0571355 -0.0531692 -0.0179883 -0.0364305 -0.0297556 -0.0351767 -0.0622148 -0.0388455 -0.1168094 -0.1230381 -0.0514477 -0.0469350 -0.0332401 -0.0810150 -0.0599915 -0.1516637 -0.0541006 -0.0841610 -0.0848055 -0.0854720 -0.0414037 -0.1054070 -0.0529625 -0.1415018
0.1452154 0.8851624 0.1047387 0.1406936 0.1102661 0.1095692 0.1101407 0.1143354 0.1084312 0.1064177 0.1107272 0.1135950 0.1082880 0.1035863 0.0943131 0.1000482 -0.0214595 0.0089758 0.0120876 0.0046061 -0.0074179 0.0212910 0.0040943 -0.0016923 0.0197828 0.0139878 0.0203944 0.0064437 0.0092451 0.0051785 0.0166948 0.0086508 0.0123903 0.0155221 0.0011664 0.0192778 0.0088679 0.0125698 0.0197664 0.0152824 0.0060758 -0.0023663 -0.0038054 0.0014675 0.0125041 0.0117653 -0.0063023 -0.0236550 -0.0683334 -0.0139582 -0.0356990 -0.0396570 -0.0383281 -0.0187746 -0.0330864 -0.0390496 -0.0564408 -0.0413553 -0.0135780 -0.0301238 -0.0143604 -0.0250135 -0.0260187 -0.0151983 -0.0345367 -0.0144467 -0.0417377 -0.0222830 -0.0505344 0.0017521 -0.0430437 -0.0601543 -0.0547115 -0.0214420 -0.0372956 -0.0251007 -0.0398412 -0.0667373 -0.0383673 -0.1253977 -0.1293605 -0.0533340 -0.0498050 -0.0380221 -0.0883983 -0.0602603 -0.1580634 -0.0522868 -0.0901183 -0.0889509 -0.0907442 -0.0417534 -0.1126199 -0.0523016 -0.1455639
0.1030284 0.1047387 0.8836961 0.1016738 0.1574321 0.1489298 0.1685684 0.1583010 0.1118167 0.1110577 0.1143788 0.1157158 0.1119853 0.1079620 0.1005604 0.1031508 -0.0150104 0.0041091 0.0139253 -0.0010839 -0.0041716 0.0222088 0.0026507 -0.0009349 0.0178034 0.0128983 0.0230184 0.0108946 0.0089265 0.0079765 0.0200542 0.0067294 0.0165484 0.0166018 0.0040934 0.0242608 0.0144320 0.0087303 0.0188584 0.0175205 0.0101722 0.0015798 -0.0050713 -0.0019169 0.0170497 0.0170730 -0.0027880 -0.0235020 -0.0748826 -0.0206327 -0.0326221 -0.0427999 -0.0378702 -0.0202813 -0.0357583 -0.0406535 -0.0549581 -0.0448410 -0.0184254 -0.0329292 -0.0137956 -0.0287762 -0.0283348 -0.0221462 -0.0421888 -0.0213916 -0.0467533 -0.0230277 -0.0530848 -0.0022519 -0.0455820 -0.0605102 -0.0575084 -0.0199219 -0.0351525 -0.0306720 -0.0414125 -0.0708017 -0.0407405 -0.1328008 -0.1419256 -0.0548674 -0.0493223 -0.0390966 -0.0917901 -0.0610203 -0.1633773 -0.0647811 -0.0947997 -0.0906124 -0.0924708 -0.0461269 -0.1206407 -0.0567624 -0.1555052
0.1307182 0.1406936 0.1016738 0.8947952 0.1031797 0.1029413 0.1003974 0.1091290 0.1037810 0.0973703 0.1046550 0.1055289 0.0974714 0.0980512 0.0901646 0.0945729 -0.0188099 0.0026744 0.0093742 -0.0025156 -0.0095635 0.0175424 0.0010748 0.0009437 0.0215270 0.0130410 0.0220772 0.0118129 0.0113936 0.0069955 0.0182003 0.0085969 0.0164348 0.0156929 0.0037857 0.0194878 0.0112970 0.0148997 0.0194281 0.0150727 0.0072936 0.0016268 0.0033567 0.0021623 0.0173192 0.0139045 -0.0023999 -0.0180195 -0.0653640 -0.0141586 -0.0294425 -0.0389355 -0.0350355 -0.0170980 -0.0284818 -0.0386932 -0.0504522 -0.0369839 -0.0107268 -0.0252834 -0.0122223 -0.0244486 -0.0238396 -0.0131801 -0.0316010 -0.0151595 -0.0449367 -0.0162795 -0.0475666 0.0051872 -0.0407612 -0.0546420 -0.0544156 -0.0175351 -0.0337300 -0.0268046 -0.0367217 -0.0625009 -0.0364982 -0.1230261 -0.1274619 -0.0507783 -0.0424519 -0.0315937 -0.0851288 -0.0601738 -0.1572319 -0.0534131 -0.0879292 -0.0837918 -0.0836051 -0.0392483 -0.1114717 -0.0510568 -0.1429162
0.1085161 0.1102661 0.1574321 0.1031797 0.9007006 0.1687827 0.1717121 0.1691744 0.1164825 0.1134336 0.1174816 0.1209238 0.1141707 0.1120536 0.0999979 0.1070859 -0.0171796 0.0121642 0.0144674 0.0056251 -0.0004421 0.0278112 0.0086991 0.0045211 0.0221244 0.0124538 0.0233371 0.0068799 0.0080786 0.0046718 0.0191470 0.0065292 0.0140517 0.0161083 -0.0016167 0.0226804 0.0092344 0.0098545 0.0213796 0.0133797 0.0133537 -0.0000270 -0.0071944 -0.0001885 0.0168068 0.0126045 -0.0026777 -0.0283451 -0.0717482 -0.0190574 -0.0375552 -0.0395563 -0.0419920 -0.0194639 -0.0371025 -0.0428602 -0.0577416 -0.0459486 -0.0188543 -0.0394616 -0.0152437 -0.0269070 -0.0296202 -0.0216178 -0.0375200 -0.0174021 -0.0485194 -0.0282013 -0.0541347 0.0027103 -0.0472625 -0.0645772 -0.0617926 -0.0195704 -0.0364017 -0.0311442 -0.0433771 -0.0728234 -0.0417023 -0.1345521 -0.1443337 -0.0565206 -0.0535929 -0.0405951 -0.0912822 -0.0623644 -0.1637378 -0.0627524 -0.0942635 -0.0929554 -0.0943707 -0.0453418 -0.1194848 -0.0625104 -0.1533213
0.1023424 0.1095692 0.1489298 0.1029413 0.1687827 0.8897551 0.1637235 0.1614491 0.1140938 0.1112522 0.1152027 0.1205242 0.1102754 0.1098308 0.0993077 0.1061618 -0.0158508 0.0066206 0.0138234 0.0029585 -0.0033200 0.0238219 0.0055902 0.0024195 0.0231959 0.0163294 0.0228408 0.0079153 0.0109232 0.0077566 0.0149982 0.0059257 0.0179144 0.0158180 -0.0026538 0.0199022 0.0055382 0.0060987 0.0137067 0.0139261 0.0110810 -0.0003634 -0.0032836 -0.0017260 0.0166641 0.0123647 -0.0022407 -0.0288966 -0.0720606 -0.0214540 -0.0405417 -0.0392319 -0.0411678 -0.0188139 -0.0385225 -0.0391481 -0.0623873 -0.0460071 -0.0202423 -0.0369086 -0.0145466 -0.0297323 -0.0307179 -0.0179290 -0.0389659 -0.0163235 -0.0483970 -0.0277217 -0.0503363 0.0016963 -0.0491944 -0.0643074 -0.0600676 -0.0199953 -0.0362623 -0.0301333 -0.0405703 -0.0740600 -0.0398638 -0.1306043 -0.1421256 -0.0548292 -0.0490832 -0.0380076 -0.0919490 -0.0579137 -0.1616666 -0.0632594 -0.0921303 -0.0949195 -0.0960369 -0.0446966 -0.1165079 -0.0625005 -0.1501705
0.1038084 0.1101407 0.1685684 0.1003974 0.1717121 0.1637235 0.8808375 0.1760955 0.1149247 0.1135558 0.1168781 0.1218431 0.1117456 0.1136204 0.0973594 0.1074443 -0.0232020 0.0049951 0.0131386 0.0037718 -0.0069501 0.0208907 0.0030091 -0.0051682 0.0209247 0.0144555 0.0222906 0.0093427 0.0089158 0.0088683 0.0186983 0.0077974 0.0170475 0.0171553 0.0019579 0.0227338 0.0068923 0.0103232 0.0197475 0.0192446 0.0113216 -0.0018275 -0.0047400 -0.0019561 0.0137218 0.0115250 -0.0036516 -0.0271830 -0.0737467 -0.0197427 -0.0377452 -0.0428725 -0.0419835 -0.0199112 -0.0395318 -0.0419130 -0.0565557 -0.0472204 -0.0206868 -0.0424799 -0.0168041 -0.0277025 -0.0293339 -0.0188006 -0.0366452 -0.0154325 -0.0467514 -0.0263724 -0.0540993 0.0037050 -0.0480251 -0.0651887 -0.0616783 -0.0209157 -0.0363193 -0.0291480 -0.0439883 -0.0717027 -0.0424608 -0.1356295 -0.1445010 -0.0557562 -0.0498255 -0.0418378 -0.0931159 -0.0622548 -0.1711947 -0.0657481 -0.0964734 -0.0927534 -0.0943502 -0.0473417 -0.1239823 -0.0648033 -0.1603429
0.1121759 0.1143354 0.1583010 0.1091290 0.1691744 0.1614491 0.1760955 0.8990307 0.1210032 0.1156605 0.1216861 0.1289637 0.1149889 0.1176289 0.1046048 0.1085143 -0.0159898 0.0073282 0.0192199 0.0052483 -0.0014557 0.0285723 0.0087772 -0.0010416 0.0203062 0.0160491 0.0207878 0.0075202 0.0071946 0.0037633 0.0165479 0.0067026 0.0168414 0.0162333 -0.0003907 0.0227764 0.0082662 0.0101664 0.0193785 0.0159439 0.0121789 -0.0026343 -0.0052537 -0.0002704 0.0128461 0.0145257 -0.0051845 -0.0276963 -0.0745521 -0.0195754 -0.0410026 -0.0373909 -0.0436629 -0.0192152 -0.0372389 -0.0431918 -0.0601301 -0.0506470 -0.0242291 -0.0385900 -0.0164998 -0.0312560 -0.0327922 -0.0236882 -0.0412148 -0.0174454 -0.0514302 -0.0276793 -0.0538955 0.0009833 -0.0489196 -0.0639870 -0.0621938 -0.0180821 -0.0394214 -0.0302157 -0.0427690 -0.0746824 -0.0422614 -0.1352805 -0.1439659 -0.0592376 -0.0505398 -0.0407046 -0.0906986 -0.0635792 -0.1674798 -0.0609939 -0.0973238 -0.0950461 -0.0972783 -0.0469149 -0.1223721 -0.0614296 -0.1544623
0.1055175 0.1084312 0.1118167 0.1037810 0.1164825 0.1140938 0.1149247 0.1210032 0.9057344 0.1567305 0.1690071 0.1635090 0.1590623 0.1531409 0.1074436 0.1149655 -0.0142120 0.0125981 0.0182775 0.0140106 0.0008013 0.0281934 0.0135057 0.0067678 0.0206175 0.0088068 0.0204012 0.0083991 0.0079441 0.0038753 0.0139066 0.0061256 0.0140914 0.0145435 -0.0037442 0.0190647 0.0073861 0.0072275 0.0142245 0.0118825 0.0092061 -0.0091170 -0.0097209 0.0045410 0.0186542 0.0120247 -0.0004897 -0.0286040 -0.0719335 -0.0210297 -0.0350762 -0.0471962 -0.0436704 -0.0203049 -0.0327109 -0.0405089 -0.0608708 -0.0431076 -0.0239886 -0.0358870 -0.0207957 -0.0327202 -0.0324716 -0.0220885 -0.0415914 -0.0166026 -0.0491748 -0.0276211 -0.0545978 0.0017576 -0.0479688 -0.0637341 -0.0545519 -0.0228753 -0.0400040 -0.0331365 -0.0492221 -0.0719642 -0.0410900 -0.1312339 -0.1349300 -0.0562971 -0.0571117 -0.0384783 -0.0950339 -0.0648342 -0.1571561 -0.0594325 -0.0955730 -0.1011739 -0.1015482 -0.0443710 -0.1204735 -0.0602540 -0.1522221
0.1026301 0.1064177 0.1110577 0.0973703 0.1134336 0.1112522 0.1135558 0.1156605 0.1567305 0.8985636 0.1539027 0.1587678 0.1701685 0.1524052 0.1001817 0.1086826 -0.0131606 0.0131416 0.0163376 0.0150497 0.0028419 0.0283130 0.0136047 0.0098623 0.0169421 0.0100275 0.0171393 0.0087381 0.0065766 0.0007432 0.0106024 0.0035824 0.0128036 0.0132864 -0.0013846 0.0194214 0.0032127 0.0056643 0.0166394 0.0133899 0.0063049 -0.0062330 -0.0085444 0.0040495 0.0156690 0.0086193 -0.0037464 -0.0276509 -0.0730504 -0.0188499 -0.0360385 -0.0384729 -0.0417647 -0.0161970 -0.0381148 -0.0385765 -0.0585929 -0.0454963 -0.0238656 -0.0367164 -0.0201965 -0.0335746 -0.0353092 -0.0238812 -0.0384201 -0.0177817 -0.0498075 -0.0269266 -0.0548005 -0.0034969 -0.0507020 -0.0611663 -0.0546243 -0.0227467 -0.0405054 -0.0320922 -0.0446789 -0.0701691 -0.0403241 -0.1253240 -0.1349459 -0.0560755 -0.0519656 -0.0378197 -0.0935358 -0.0607074 -0.1524319 -0.0620038 -0.0923521 -0.0963579 -0.0967653 -0.0453696 -0.1134561 -0.0615221 -0.1447116
0.1046336 0.1107272 0.1143788 0.1046550 0.1174816 0.1152027 0.1168781 0.1216861 0.1690071 0.1539027 0.9292959 0.1748924 0.1596697 0.1567774 0.1089179 0.1121933 -0.0048091 0.0204705 0.0297523 0.0193422 0.0114423 0.0365774 0.0208111 0.0134343 0.0156364 0.0067625 0.0159354 0.0068984 0.0073559 -0.0010514 0.0112062 -0.0007024 0.0096821 0.0120358 -0.0041994 0.0183359 0.0064493 0.0049157 0.0146196 0.0094583 0.0095922 -0.0056471 -0.0090656 0.0023532 0.0168633 0.0102613 -0.0053373 -0.0325846 -0.0704258 -0.0227120 -0.0336419 -0.0430230 -0.0424713 -0.0209586 -0.0370630 -0.0413920 -0.0609824 -0.0428569 -0.0226496 -0.0330375 -0.0241591 -0.0381728 -0.0384289 -0.0242035 -0.0442917 -0.0204587 -0.0513915 -0.0312115 -0.0591545 -0.0064214 -0.0515563 -0.0639395 -0.0561127 -0.0220515 -0.0380258 -0.0337855 -0.0456217 -0.0695150 -0.0432755 -0.1252224 -0.1330789 -0.0597563 -0.0512185 -0.0404712 -0.0955573 -0.0662925 -0.1490281 -0.0611357 -0.0960732 -0.0973683 -0.0976460 -0.0433684 -0.1145532 -0.0589942 -0.1457397
0.1124319 0.1135950 0.1157158 0.1055289 0.1209238 0.1205242 0.1218431 0.1289637 0.1635090 0.1587678 0.1748924 0.9184330 0.1654959 0.1601240 0.1048400 0.1177898 -0.0098395 0.0198209 0.0242659 0.0170336 0.0053640 0.0366330 0.0189368 0.0102737 0.0151934 0.0057891 0.0175762 0.0054869 0.0044469 -0.0019798 0.0098156 0.0009446 0.0107946 0.0126633 -0.0000781 0.0205563 0.0066870 0.0028079 0.0145178 0.0086784 0.0098436 -0.0073735 -0.0063126 0.0005618 0.0179844 0.0075539 -0.0030964 -0.0337979 -0.0765943 -0.0238968 -0.0371682 -0.0429365 -0.0417933 -0.0181343 -0.0381541 -0.0439966 -0.0616058 -0.0405434 -0.0255470 -0.0388866 -0.0260900 -0.0384112 -0.0386201 -0.0259642 -0.0430400 -0.0209151 -0.0496851 -0.0321426 -0.0584262 -0.0019113 -0.0491138 -0.0659781 -0.0576510 -0.0276839 -0.0441415 -0.0322374 -0.0472617 -0.0748740 -0.0415676 -0.1265780 -0.1356004 -0.0603764 -0.0541208 -0.0441445 -0.0993611 -0.0659098 -0.1503822 -0.0643599 -0.0956794 -0.1006530 -0.1010701 -0.0492454 -0.1134656 -0.0653926 -0.1497814
0.1004334 0.1082880 0.1119853 0.0974714 0.1141707 0.1102754 0.1117456 0.1149889 0.1590623 0.1701685 0.1596697 0.1654959 0.9004599 0.1601341 0.1037141 0.1094850 -0.0203509 0.0116465 0.0160219 0.0091922 -0.0023225 0.0274172 0.0104911 0.0037347 0.0171902 0.0098381 0.0231638 0.0080645 0.0089562 0.0031853 0.0140439 0.0052447 0.0167668 0.0150418 -0.0036064 0.0202963 0.0089079 0.0107692 0.0204735 0.0118367 0.0067714 -0.0063176 -0.0050339 0.0069264 0.0157511 0.0107834 -0.0003586 -0.0305010 -0.0736545 -0.0188227 -0.0391837 -0.0383551 -0.0381892 -0.0229067 -0.0344495 -0.0420893 -0.0603259 -0.0434622 -0.0194234 -0.0373396 -0.0165557 -0.0326488 -0.0328808 -0.0249785 -0.0374955 -0.0162375 -0.0508558 -0.0279304 -0.0548228 -0.0001545 -0.0490635 -0.0625762 -0.0599564 -0.0211790 -0.0395787 -0.0297093 -0.0451718 -0.0703036 -0.0404605 -0.1333402 -0.1387949 -0.0595469 -0.0564368 -0.0375956 -0.0965981 -0.0651464 -0.1607114 -0.0627194 -0.0950517 -0.0983208 -0.0982481 -0.0453672 -0.1211639 -0.0597363 -0.1538698
0.0991106 0.1035863 0.1079620 0.0980512 0.1120536 0.1098308 0.1136204 0.1176289 0.1531409 0.1524052 0.1567774 0.1601240 0.1601341 0.9085805 0.1039204 0.1029942 -0.0091177 0.0154795 0.0224879 0.0104364 0.0027825 0.0319108 0.0135211 0.0102207 0.0194666 0.0043063 0.0160044 0.0077620 0.0083381 -0.0007565 0.0088703 0.0015361 0.0083876 0.0131623 -0.0021327 0.0185963 0.0082763 0.0053722 0.0146581 0.0139163 0.0075272 -0.0044635 -0.0050896 0.0025070 0.0141375 0.0110247 -0.0018713 -0.0271202 -0.0714013 -0.0213771 -0.0367959 -0.0403545 -0.0422022 -0.0217769 -0.0352696 -0.0387202 -0.0609374 -0.0432713 -0.0210573 -0.0357110 -0.0199381 -0.0350016 -0.0346921 -0.0215766 -0.0396693 -0.0201210 -0.0507084 -0.0256757 -0.0540606 -0.0039314 -0.0502467 -0.0640409 -0.0563481 -0.0209275 -0.0375535 -0.0282227 -0.0413883 -0.0690772 -0.0410833 -0.1276815 -0.1331415 -0.0599812 -0.0528183 -0.0394884 -0.0952731 -0.0633806 -0.1530747 -0.0624134 -0.0947677 -0.0949819 -0.0955590 -0.0429666 -0.1155811 -0.0530789 -0.1480750
0.0925203 0.0943131 0.1005604 0.0901646 0.0999979 0.0993077 0.0973594 0.1046048 0.1074436 0.1001817 0.1089179 0.1048400 0.1037141 0.1039204 0.8828508 0.0964953 -0.0178276 0.0031063 0.0086365 -0.0035483 -0.0078651 0.0224622 0.0007455 -0.0023705 0.0187349 0.0140214 0.0238982 0.0097933 0.0117148 0.0087710 0.0194889 0.0063031 0.0170037 0.0156750 0.0068135 0.0188071 0.0097319 0.0149876 0.0180442 0.0168397 0.0078457 0.0000113 -0.0005174 0.0042806 0.0147644 0.0168145 -0.0047263 -0.0167461 -0.0651847 -0.0158041 -0.0283886 -0.0368298 -0.0345616 -0.0127432 -0.0255414 -0.0380155 -0.0487161 -0.0316619 -0.0107036 -0.0278474 -0.0105992 -0.0222298 -0.0246904 -0.0194954 -0.0316175 -0.0150719 -0.0397013 -0.0161363 -0.0461846 0.0021625 -0.0394263 -0.0527359 -0.0490085 -0.0205573 -0.0336669 -0.0279791 -0.0398972 -0.0632652 -0.0352925 -0.1161990 -0.1241874 -0.0454685 -0.0386076 -0.0310169 -0.0805676 -0.0550687 -0.1499685 -0.0515438 -0.0832802 -0.0834121 -0.0840611 -0.0407966 -0.1062144 -0.0531406 -0.1386073
0.0948373 0.1000482 0.1031508 0.0945729 0.1070859 0.1061618 0.1074443 0.1085143 0.1149655 0.1086826 0.1121933 0.1177898 0.1094850 0.1029942 0.0964953 0.8894466 -0.0246994 0.0030341 0.0075317 0.0024662 -0.0083362 0.0194394 0.0007203 -0.0009841 0.0225999 0.0187284 0.0246607 0.0102866 0.0140897 0.0093015 0.0206865 0.0132242 0.0248390 0.0157676 0.0064756 0.0243940 0.0097326 0.0147351 0.0196045 0.0149779 0.0114844 0.0013732 0.0037397 0.0011534 0.0144725 0.0175677 0.0006917 -0.0213928 -0.0657784 -0.0174783 -0.0302969 -0.0385937 -0.0359460 -0.0137143 -0.0298809 -0.0407729 -0.0533431 -0.0344793 -0.0143281 -0.0282356 -0.0087506 -0.0235724 -0.0247368 -0.0180217 -0.0305132 -0.0113356 -0.0406516 -0.0199520 -0.0487240 0.0027638 -0.0382512 -0.0574923 -0.0501302 -0.0166462 -0.0358768 -0.0216428 -0.0391295 -0.0668708 -0.0356554 -0.1198639 -0.1290793 -0.0479371 -0.0466743 -0.0357301 -0.0824451 -0.0571753 -0.1566801 -0.0541790 -0.0864716 -0.0893189 -0.0896031 -0.0390476 -0.0919198 -0.0582042 -0.1455333
-0.0141998 -0.0214595 -0.0150104 -0.0188099 -0.0171796 -0.0158508 -0.0232020 -0.0159898 -0.0142120 -0.0131606 -0.0048091 -0.0098395 -0.0203509 -0.0091177 -0.0178276 -0.0246994 1.1834751 0.1268260 0.1324632 0.1684640 0.1767417 0.1232928 0.1513723 0.1575253 -0.0758884 -0.0727625 -0.0731863 -0.0622543 -0.0816552 -0.0901416 -0.0988418 -0.0920648 -0.0905388 -0.0524590 -0.0496129 -0.0850213 -0.0636518 -0.0705885 -0.0720499 -0.0746393 -0.0213872 -0.0435240 -0.0824766 -0.0371136 -0.0390083 -0.0592005 -0.0418407 -0.0921440 0.0677830 -0.0302230 -0.0035811 0.0211485 -0.0318630 -0.0104593 -0.0201052 0.0090779 0.0103304 -0.0074620 -0.0924495 -0.0167106 -0.0916655 -0.1007043 -0.0991640 -0.0486964 -0.0475932 -0.0483875 -0.0388145 -0.0902635 -0.0440853 -0.0681668 -0.0281964 0.0240006 0.0208844 -0.0078529 -0.0129623 -0.0213741 0.0047787 0.0231588 0.0095280 0.1319294 0.1352748 -0.0134691 0.0104730 -0.0242503 0.0525989 0.0065154 0.2226292 0.0082949 0.0694757 -0.0076846 -0.0047735 -0.0272574 0.1520409 0.0097980 0.1799012
0.0076863 0.0089758 0.0041091 0.0026744 0.0121642 0.0066206 0.0049951 0.0073282 0.0125981 0.0131416 0.0204705 0.0198209 0.0116465 0.0154795 0.0031063 0.0030341 0.1268260 1.1062757 0.1290887 0.1439545 0.1421737 0.1213416 0.1384512 0.1247852 -0.0567229 -0.0658870 -0.0572661 -0.0581967 -0.0611421 -0.0786365 -0.0797292 -0.0737567 -0.0709827 -0.0429927 -0.0546053 -0.0719502 -0.0548286 -0.0629410 -0.0595648 -0.0654113 -0.0199736 -0.0530163 -0.0627550 -0.0282617 -0.0251955 -0.0564655 -0.0454430 -0.0793032 0.0284728 -0.0309734 -0.0069735 -0.0108968 -0.0312690 -0.0121351 -0.0449684 -0.0048978 -0.0111972 -0.0083556 -0.0772991 -0.0212072 -0.0855448 -0.0922194 -0.0919138 -0.0451453 -0.0472518 -0.0507252 -0.0409418 -0.0787991 -0.0566179 -0.0584765 -0.0372841 0.0108183 0.0010474 -0.0124537 -0.0182765 -0.0061885 -0.0081256 0.0179256 0.0045766 0.0832416 0.0823658 -0.0196055 -0.0003785 -0.0259079 0.0282936 0.0073830 0.1587758 -0.0113629 0.0352377 -0.0144154 -0.0128214 -0.0159427 0.1137523 -0.0177084 0.1295509
0.0093801 0.0120876 0.0139253 0.0093742 0.0144674 0.0138234 0.0131386 0.0192199 0.0182775 0.0163376 0.0297523 0.0242659 0.0160219 0.0224879 0.0086365 0.0075317 0.1324632 0.1290887 1.1149262 0.1406973 0.1561036 0.1249081 0.1347835 0.1284240 -0.0565431 -0.0569135 -0.0501097 -0.0573623 -0.0642913 -0.0793543 -0.0764145 -0.0735976 -0.0707045 -0.0422810 -0.0577192 -0.0623548 -0.0584916 -0.0639506 -0.0602599 -0.0558526 -0.0239553 -0.0507255 -0.0693379 -0.0317230 -0.0132983 -0.0527500 -0.0493871 -0.0777513 0.0360135 -0.0249043 -0.0088698 -0.0093246 -0.0228920 -0.0141429 -0.0366041 0.0067590 -0.0209052 -0.0168435 -0.0807990 -0.0172378 -0.0876234 -0.0914048 -0.0904932 -0.0389241 -0.0515599 -0.0489329 -0.0408539 -0.0760977 -0.0619663 -0.0566845 -0.0455659 -0.0065872 -0.0033909 -0.0103845 -0.0232644 -0.0175274 -0.0062277 0.0052618 -0.0065510 0.0837887 0.0883047 -0.0329005 0.0005024 -0.0394452 0.0188594 -0.0019667 0.1511692 -0.0115723 0.0112615 -0.0171593 -0.0168265 -0.0209187 0.1059004 -0.0166472 0.1125589
0.0026328 0.0046061 -0.0010839 -0.0025156 0.0056251 0.0029585 0.0037718 0.0052483 0.0140106 0.0150497 0.0193422 0.0170336 0.0091922 0.0104364 -0.0035483 0.0024662 0.1684640 0.1439545 0.1406973 1.1811361 0.1632306 0.1508290 0.1830152 0.1426714 -0.0676403 -0.0685936 -0.0659757 -0.0665503 -0.0781504 -0.0907678 -0.0960614 -0.0856432 -0.0830311 -0.0507072 -0.0615293 -0.0764546 -0.0557202 -0.0746893 -0.0682588 -0.0735359 -0.0350409 -0.0594413 -0.0836654 -0.0372248 -0.0305396 -0.0683694 -0.0597219 -0.0821819 0.0475301 -0.0238394 -0.0023041 0.0115903 -0.0117161 -0.0172406 -0.0393362 -0.0110758 -0.0131843 -0.0043820 -0.0870247 -0.0132299 -0.0965964 -0.1033405 -0.1034115 -0.0576900 -0.0492668 -0.0572268 -0.0399349 -0.0825647 -0.0652777 -0.0607831 -0.0408330 0.0006899 0.0016294 0.0040196 -0.0115456 -0.0288578 -0.0094085 0.0140444 -0.0064559 0.1030992 0.0854543 -0.0309641 -0.0248046 -0.0263398 0.0151978 -0.0013457 0.1952115 -0.0003071 0.0511229 -0.0055347 -0.0034209 -0.0178818 0.1375734 -0.0350433 0.1534625
0.0004905 -0.0074179 -0.0041716 -0.0095635 -0.0004421 -0.0033200 -0.0069501 -0.0014557 0.0008013 0.0028419 0.0114423 0.0053640 -0.0023225 0.0027825 -0.0078651 -0.0083362 0.1767417 0.1421737 0.1561036 0.1632306 1.2148649 0.1529697 0.1723495 0.1637996 -0.0772700 -0.0711771 -0.0637328 -0.0733187 -0.0835913 -0.1018978 -0.0939338 -0.0947908 -0.0940054 -0.0551078 -0.0661992 -0.0877089 -0.0791996 -0.0763549 -0.0748336 -0.0749860 -0.0247519 -0.0602652 -0.0860560 -0.0392690 -0.0331750 -0.0678057 -0.0561199 -0.1025588 0.0615340 -0.0224953 -0.0124772 0.0220294 -0.0182007 -0.0262390 -0.0454958 0.0024209 -0.0078225 -0.0205029 -0.0995273 -0.0229872 -0.1049721 -0.1015196 -0.1025974 -0.0457311 -0.0542928 -0.0596907 -0.0427601 -0.1044449 -0.0585578 -0.0666273 -0.0321193 0.0174034 0.0104767 -0.0083944 -0.0132710 -0.0338391 0.0001629 0.0385715 -0.0049055 0.1223233 0.1256104 -0.0244682 -0.0055322 -0.0222986 0.0372844 -0.0024480 0.2276411 0.0043501 0.0663815 -0.0062903 -0.0044679 -0.0081691 0.1575239 0.0055634 0.1726272
0.0252326 0.0212910 0.0222088 0.0175424 0.0278112 0.0238219 0.0208907 0.0285723 0.0281934 0.0283130 0.0365774 0.0366330 0.0274172 0.0319108 0.0224622 0.0194394 0.1232928 0.1213416 0.1249081 0.1508290 0.1529697 1.1226759 0.1520950 0.1426193 -0.0632697 -0.0542398 -0.0542848 -0.0510105 -0.0680363 -0.0820830 -0.0796520 -0.0728649 -0.0725803 -0.0424063 -0.0540024 -0.0657364 -0.0583473 -0.0593173 -0.0637508 -0.0575882 -0.0258040 -0.0565664 -0.0699775 -0.0309668 -0.0242517 -0.0589251 -0.0526673 -0.0821659 0.0302337 -0.0325986 -0.0062154 0.0043671 -0.0137109 -0.0212394 -0.0439834 -0.0109426 -0.0275685 -0.0107028 -0.0737848 -0.0173322 -0.0947970 -0.0905010 -0.0902200 -0.0498572 -0.0635747 -0.0566919 -0.0494975 -0.0809773 -0.0652510 -0.0560602 -0.0515925 -0.0054037 -0.0086087 -0.0106176 -0.0246445 -0.0249520 -0.0082982 0.0186694 0.0115209 0.0710842 0.0608131 -0.0373289 -0.0240852 -0.0252652 0.0054629 -0.0068640 0.1415909 -0.0142641 0.0195218 -0.0192656 -0.0166873 -0.0244975 0.1004728 -0.0271791 0.1085345
0.0034936 0.0040943 0.0026507 0.0010748 0.0086991 0.0055902 0.0030091 0.0087772 0.0135057 0.0136047 0.0208111 0.0189368 0.0104911 0.0135211 0.0007455 0.0007203 0.1513723 0.1384512 0.1347835 0.1830152 0.1723495 0.1520950 1.1651111 0.1521954 -0.0688617 -0.0715618 -0.0680582 -0.0701603 -0.0776380 -0.0924491 -0.0863160 -0.0828649 -0.0825535 -0.0498205 -0.0608802 -0.0837936 -0.0701518 -0.0736406 -0.0733887 -0.0714456 -0.0226098 -0.0553216 -0.0788566 -0.0327747 -0.0338266 -0.0626273 -0.0570998 -0.0886527 0.0397983 -0.0239511 -0.0014720 0.0127978 -0.0213075 -0.0177236 -0.0428787 0.0009490 -0.0205155 0.0031568 -0.0827645 -0.0153321 -0.1020776 -0.1004418 -0.0986452 -0.0585157 -0.0582870 -0.0519054 -0.0469422 -0.0887164 -0.0608214 -0.0630122 -0.0465313 0.0075079 -0.0030203 -0.0001084 -0.0222414 -0.0295203 -0.0034234 0.0149232 0.0044610 0.1134665 0.0979653 -0.0253416 -0.0117253 -0.0199733 0.0310420 0.0024052 0.1898891 0.0093783 0.0538089 -0.0123027 -0.0104767 -0.0209224 0.1355601 -0.0148752 0.1583025
0.0068906 -0.0016923 -0.0009349 0.0009437 0.0045211 0.0024195 -0.0051682 -0.0010416 0.0067678 0.0098623 0.0134343 0.0102737 0.0037347 0.0102207 -0.0023705 -0.0009841 0.1575253 0.1247852 0.1284240 0.1426714 0.1637996 0.1426193 0.1521954 1.1352855 -0.0613975 -0.0532832 -0.0630404 -0.0557794 -0.0701922 -0.0836685 -0.0835871 -0.0713775 -0.0790072 -0.0457677 -0.0613555 -0.0717133 -0.0575207 -0.0614459 -0.0611450 -0.0666363 -0.0207949 -0.0520408 -0.0744198 -0.0324913 -0.0241871 -0.0554209 -0.0442474 -0.0882568 0.0334660 -0.0272877 -0.0007112 0.0163160 -0.0247139 -0.0180021 -0.0270999 -0.0039980 -0.0108760 -0.0087931 -0.0820059 -0.0282858 -0.0873465 -0.0903725 -0.0898104 -0.0539828 -0.0532563 -0.0573944 -0.0409646 -0.0877173 -0.0491564 -0.0523633 -0.0330451 0.0152496 0.0077026 -0.0126339 -0.0194995 -0.0167502 0.0026387 0.0236784 -0.0071960 0.0932841 0.0806264 -0.0296766 -0.0079571 -0.0286691 0.0331577 -0.0059662 0.1749003 -0.0105768 0.0328109 -0.0022225 -0.0007593 -0.0229279 0.1201512 -0.0123064 0.1352911
0.0189497 0.0197828 0.0178034 0.0215270 0.0221244 0.0231959 0.0209247 0.0203062 0.0206175 0.0169421 0.0156364 0.0151934 0.0171902 0.0194666 0.0187349 0.0225999 -0.0758884 -0.0567229 -0.0565431 -0.0676403 -0.0772700 -0.0632697 -0.0688617 -0.0613975 0.8496207 0.0314577 0.0359212 0.0516349 0.0664478 0.0808379 0.0812297 0.0591286 0.0393140 0.0267052 0.0227643 0.0402168 0.0281496 0.0291874 0.0251579 0.0356249 0.0065326 0.0144423 0.0298371 0.0105080 0.0168605 0.0281092 0.0122884 0.0192563 -0.0515186 -0.0078594 -0.0195825 -0.0211962 -0.0171245 -0.0044682 -0.0092350 -0.0143090 -0.0180407 -0.0174985 0.0237705 -0.0084024 0.0234575 0.0188515 0.0191907 0.0114661 0.0063847 0.0140111 -0.0028872 0.0201839 0.0063701 0.0255455 -0.0037577 -0.0300433 -0.0303456 -0.0110954 -0.0116748 -0.0016619 -0.0214674 -0.0359704 -0.0259497 -0.0878738 -0.1023123 -0.0126602 -0.0122726 -0.0019680 -0.0545643 -0.0296409 -0.1430618 -0.0203033 -0.0537986 -0.0381857 -0.0391207 -0.0101847 -0.1068071 -0.0199272 -0.1263445
0.0131900 0.0139878 0.0128983 0.0130410 0.0124538 0.0163294 0.0144555 0.0160491 0.0088068 0.0100275 0.0067625 0.0057891 0.0098381 0.0043063 0.0140214 0.0187284 -0.0727625 -0.0658870 -0.0569135 -0.0685936 -0.0711771 -0.0542398 -0.0715618 -0.0532832 0.0314577 0.8679835 0.0713208 0.0238626 0.0438512 0.0352562 0.0431107 0.0354806 0.0372637 0.0248915 0.0169488 0.0385489 0.0223086 0.0257726 0.0274785 0.0337709 0.0049581 0.0186524 0.0226612 0.0041851 0.0068802 0.0278588 0.0152552 0.0188575 -0.0413785 0.0033709 -0.0106630 -0.0194764 0.0004205 0.0045836 0.0091239 -0.0208781 -0.0130578 -0.0099037 0.0263405 -0.0027819 0.0395844 0.0298864 0.0288485 0.0098556 0.0077433 0.0115536 -0.0057150 0.0183842 0.0018096 0.0208383 -0.0063217 -0.0282304 -0.0168839 -0.0043439 -0.0026248 -0.0077953 -0.0147547 -0.0357772 -0.0145630 -0.0738770 -0.0832591 -0.0028937 -0.0159477 0.0024291 -0.0376220 -0.0135880 -0.1416457 -0.0171847 -0.0513746 -0.0305576 -0.0302076 -0.0044352 -0.0891531 -0.0202040 -0.1077728
0.0180711 0.0203944 0.0230184 0.0220772 0.0233371 0.0228408 0.0222906 0.0207878 0.0204012 0.0171393 0.0159354 0.0175762 0.0231638 0.0160044 0.0238982 0.0246607 -0.0731863 -0.0572661 -0.0501097 -0.0659757 -0.0637328 -0.0542848 -0.0680582 -0.0630404 0.0359212 0.0713208 0.8604954 0.0306879 0.0372580 0.0447430 0.0409869 0.0423278 0.0327452 0.0246437 0.0181547 0.0312857 0.0286875 0.0247675 0.0256646 0.0336478 0.0071011 0.0159073 0.0258233 0.0104687 0.0107626 0.0222480 0.0157482 0.0182807 -0.0489054 -0.0021741 -0.0223143 -0.0175576 -0.0112531 -0.0075721 -0.0030405 -0.0238086 -0.0181936 -0.0094773 0.0223417 0.0012517 0.0293562 0.0242728 0.0235788 0.0169365 0.0116548 0.0058656 -0.0032881 0.0173745 0.0010498 0.0250406 0.0006361 -0.0295983 -0.0312648 -0.0072299 -0.0051568 -0.0047475 -0.0210153 -0.0380950 -0.0192019 -0.0923378 -0.0970524 -0.0069522 -0.0159474 -0.0047333 -0.0400858 -0.0231021 -0.1369881 -0.0237460 -0.0518577 -0.0393928 -0.0405518 -0.0100764 -0.0958809 -0.0164100 -0.1125003
0.0039501 0.0064437 0.0108946 0.0118129 0.0068799 0.0079153 0.0093427 0.0075202 0.0083991 0.0087381 0.0068984 0.0054869 0.0080645 0.0077620 0.0097933 0.0102866 -0.0622543 -0.0581967 -0.0573623 -0.0665503 -0.0733187 -0.0510105 -0.0701603 -0.0557794 0.0516349 0.0238626 0.0306879 0.8755229 0.0710779 0.0519850 0.0473679 0.0612576 0.0216455 0.0235168 0.0142700 0.0339328 0.0277094 0.0257196 0.0244635 0.0170067 0.0163812 0.0200879 0.0284475 0.0080917 0.0080696 0.0331166 0.0292508 0.0252963 -0.0467289 -0.0073639 -0.0042305 -0.0141786 -0.0009008 0.0098411 0.0010048 -0.0246003 -0.0082687 -0.0130429 0.0264539 -0.0089214 0.0311214 0.0289877 0.0288731 0.0122509 0.0080224 0.0088353 -0.0100193 0.0253557 0.0057000 0.0243220 -0.0060422 -0.0186363 -0.0101348 -0.0117168 -0.0077405 -0.0037240 -0.0187002 -0.0358935 -0.0220643 -0.0778100 -0.0809366 -0.0076476 -0.0111620 -0.0031436 -0.0418965 -0.0194544 -0.1225476 -0.0182979 -0.0578267 -0.0331159 -0.0328181 -0.0173847 -0.0951196 -0.0188978 -0.1051008
0.0071242 0.0092451 0.0089265 0.0113936 0.0080786 0.0109232 0.0089158 0.0071946 0.0079441 0.0065766 0.0073559 0.0044469 0.0089562 0.0083381 0.0117148 0.0140897 -0.0816552 -0.0611421 -0.0642913 -0.0781504 -0.0835913 -0.0680363 -0.0776380 -0.0701922 0.0664478 0.0438512 0.0372580 0.0710779 0.8737376 0.0651402 0.0568444 0.0738496 0.0299717 0.0269676 0.0190081 0.0337253 0.0246892 0.0309152 0.0290931 0.0266457 0.0094239 0.0089063 0.0276300 0.0079270 0.0069627 0.0256948 0.0138014 0.0255583 -0.0305862 -0.0052314 -0.0090597 -0.0312784 -0.0010464 0.0057000 0.0006208 -0.0199624 -0.0110682 -0.0042760 0.0294566 -0.0052438 0.0415589 0.0363141 0.0359705 0.0197078 0.0090542 0.0159957 -0.0015320 0.0233343 0.0042471 0.0268108 -0.0009256 -0.0223212 -0.0211351 -0.0072352 -0.0065244 -0.0045540 -0.0173859 -0.0360165 -0.0148970 -0.0816209 -0.0854322 -0.0024326 -0.0180823 0.0004793 -0.0452561 -0.0282769 -0.1380041 -0.0260518 -0.0507268 -0.0279995 -0.0276175 -0.0122043 -0.1006195 -0.0190828 -0.1124725
0.0022226 0.0051785 0.0079765 0.0069955 0.0046718 0.0077566 0.0088683 0.0037633 0.0038753 0.0007432 -0.0010514 -0.0019798 0.0031853 -0.0007565 0.0087710 0.0093015 -0.0901416 -0.0786365 -0.0793543 -0.0907678 -0.1018978 -0.0820830 -0.0924491 -0.0836685 0.0808379 0.0352562 0.0447430 0.0519850 0.0651402 0.8699058 0.0848268 0.0631939 0.0317939 0.0306916 0.0258669 0.0405540 0.0339686 0.0449931 0.0287207 0.0392449 0.0076157 0.0229810 0.0413991 0.0141013 0.0163866 0.0314714 0.0234171 0.0443696 -0.0469274 -0.0050343 -0.0164507 -0.0178010 -0.0017165 0.0008952 0.0122017 -0.0209784 -0.0154634 -0.0101243 0.0325468 -0.0060541 0.0487976 0.0447224 0.0454642 0.0241176 0.0112904 0.0178884 0.0038116 0.0440915 0.0174714 0.0370137 0.0050720 -0.0271313 -0.0173294 -0.0130711 -0.0127995 0.0108955 -0.0223970 -0.0344181 -0.0173544 -0.0918503 -0.0958226 0.0026934 -0.0093350 -0.0006275 -0.0426265 -0.0173025 -0.1534609 -0.0177367 -0.0563949 -0.0279052 -0.0281678 -0.0078220 -0.1074404 -0.0149388 -0.1264746
0.0158212 0.0166948 0.0200542 0.0182003 0.0191470 0.0149982 0.0186983 0.0165479 0.0139066 0.0106024 0.0112062 0.0098156 0.0140439 0.0088703 0.0194889 0.0206865 -0.0988418 -0.0797292 -0.0764145 -0.0960614 -0.0939338 -0.0796520 -0.0863160 -0.0835871 0.0812297 0.0431107 0.0409869 0.0473679 0.0568444 0.0848268 0.8582780 0.0611728 0.0421412 0.0330466 0.0257837 0.0479412 0.0382085 0.0434441 0.0383578 0.0409117 0.0141003 0.0208837 0.0418444 0.0122386 0.0163607 0.0411251 0.0215010 0.0389301 -0.0608556 0.0033739 -0.0149545 -0.0132402 -0.0035825 0.0008518 0.0095110 -0.0184112 -0.0228030 -0.0155554 0.0447637 -0.0070478 0.0408840 0.0366980 0.0374373 0.0126443 0.0130216 0.0169681 0.0001938 0.0385830 0.0112752 0.0424093 -0.0012458 -0.0352834 -0.0244326 -0.0052307 -0.0033884 -0.0028641 -0.0215601 -0.0426477 -0.0226527 -0.1023673 -0.1124040 -0.0073618 -0.0160221 0.0026440 -0.0555880 -0.0262421 -0.1654322 -0.0215610 -0.0632351 -0.0328641 -0.0337348 -0.0090928 -0.1247921 -0.0087574 -0.1425718
0.0044708 0.0086508 0.0067294 0.0085969 0.0065292 0.0059257 0.0077974 0.0067026 0.0061256 0.0035824 -0.0007024 0.0009446 0.0052447 0.0015361 0.0063031 0.0132242 -0.0920648 -0.0737567 -0.0735976 -0.0856432 -0.0947908 -0.0728649 -0.0828649 -0.0713775 0.0591286 0.0354806 0.0423278 0.0612576 0.0738496 0.0631939 0.0611728 0.8707169 0.0381780 0.0275457 0.0161349 0.0420773 0.0308031 0.0316230 0.0339636 0.0268320 0.0043783 0.0187195 0.0293291 0.0098978 0.0096192 0.0324179 0.0215073 0.0287889 -0.0458452 0.0011820 -0.0151966 -0.0126374 -0.0082709 0.0080737 0.0080062 -0.0136095 -0.0130264 -0.0031560 0.0264604 0.0025020 0.0408155 0.0447340 0.0439948 0.0131804 0.0095387 0.0143216 0.0097956 0.0286184 0.0137889 0.0301826 0.0125628 -0.0219997 -0.0177578 -0.0139628 -0.0106105 0.0069796 -0.0138479 -0.0337683 -0.0203513 -0.0802077 -0.0873116 -0.0024487 -0.0173518 -0.0012106 -0.0412991 -0.0220197 -0.1337027 -0.0241065 -0.0465149 -0.0383713 -0.0386117 -0.0110745 -0.0940912 -0.0042559 -0.1133115
0.0131056 0.0123903 0.0165484 0.0164348 0.0140517 0.0179144 0.0170475 0.0168414 0.0140914 0.0128036 0.0096821 0.0107946 0.0167668 0.0083876 0.0170037 0.0248390 -0.0905388 -0.0709827 -0.0707045 -0.0830311 -0.0940054 -0.0725803 -0.0825535 -0.0790072 0.0393140 0.0372637 0.0327452 0.0216455 0.0299717 0.0317939 0.0421412 0.0381780 0.8537918 0.0289693 0.0307949 0.0517990 0.0294211 0.0448832 0.0443546 0.0463899 0.0086851 0.0242844 0.0379090 0.0148844 0.0160364 0.0250257 0.0159878 0.0369831 -0.0486284 0.0107854 -0.0116799 -0.0215573 -0.0037051 0.0010421 0.0060104 -0.0165827 -0.0151835 -0.0122158 0.0387203 -0.0075858 0.0378924 0.0349407 0.0343915 0.0175245 0.0139023 0.0187391 0.0055518 0.0355518 0.0097018 0.0296425 -0.0006524 -0.0271300 -0.0268184 -0.0015204 -0.0050846 -0.0024986 -0.0162347 -0.0359745 -0.0193465 -0.0887111 -0.0941782 -0.0060388 -0.0159589 -0.0019005 -0.0443859 -0.0148254 -0.1563663 -0.0152209 -0.0528280 -0.0321681 -0.0328059 -0.0090185 -0.1134329 -0.0228905 -0.1171984
0.0140271 0.0155221 0.0166018 0.0156929 0.0161083 0.0158180 0.0171553 0.0162333 0.0145435 0.0132864 0.0120358 0.0126633 0.0150418 0.0131623 0.0156750 0.0157676 -0.0524590 -0.0429927 -0.0422810 -0.0507072 -0.0551078 -0.0424063 -0.0498205 -0.0457677 0.0267052 0.0248915 0.0246437 0.0235168 0.0269676 0.0306916 0.0330466 0.0275457 0.0289693 0.9466721 0.0187718 0.0292746 0.0231482 0.0246036 0.0248381 0.0252769 0.0097798 0.0165556 0.0250839 0.0093658 0.0113480 0.0219097 0.0159861 0.0268724 -0.0300904 0.0039936 -0.0041845 -0.0110173 0.0005023 0.0024713 0.0059322 -0.0101632 -0.0071219 -0.0049071 0.0272105 0.0000321 0.0307741 0.0291897 0.0287960 0.0121514 0.0112381 0.0137650 0.0037963 0.0271994 0.0084183 0.0214412 0.0025953 -0.0160349 -0.0128303 -0.0007716 -0.0004551 0.0010515 -0.0082504 -0.0213202 -0.0081947 -0.0617046 -0.0644709 -0.0018164 -0.0079213 0.0032815 -0.0272775 -0.0125194 -0.0987645 -0.0099613 -0.0343966 -0.0157443 -0.0164990 -0.0030255 -0.0689850 -0.0086495 -0.0808823
0.0011638 0.0011664 0.0040934 0.0037857 -0.0016167 -0.0026538 0.0019579 -0.0003907 -0.0037442 -0.0013846 -0.0041994 -0.0000781 -0.0036064 -0.0021327 0.0068135 0.0064756 -0.0496129 -0.0546053 -0.0577192 -0.0615293 -0.0661992 -0.0540024 -0.0608802 -0.0613555 0.0227643 0.0169488 0.0181547 0.0142700 0.0190081 0.0258669 0.0257837 0.0161349 0.0307949 0.0187718 0.8827124 0.0310765 0.0255094 0.0248042 0.0154766 0.0240759 -0.0009706 0.0088026 0.0258023 -0.0039499 0.0048792 0.0126555 0.0076406 0.0211504 -0.0276549 -0.0003976 -0.0034083 -0.0159274 -0.0012783 0.0025770 0.0030482 -0.0123053 0.0019486 0.0011398 0.0239310 0.0020539 0.0231816 0.0203948 0.0194944 0.0122580 0.0076156 0.0147864 0.0014445 0.0209379 0.0053035 0.0234638 0.0053496 -0.0132509 -0.0155169 -0.0047961 -0.0040798 -0.0007240 -0.0034049 -0.0170293 -0.0028791 -0.0577510 -0.0592866 0.0006634 0.0031212 0.0075206 -0.0222919 -0.0125109 -0.0954238 -0.0129165 -0.0236798 -0.0191629 -0.0198048 -0.0011773 -0.0723860 -0.0030136 -0.0744168
0.0181129 0.0192778 0.0242608 0.0194878 0.0226804 0.0199022 0.0227338 0.0227764 0.0190647 0.0194214 0.0183359 0.0205563 0.0202963 0.0185963 0.0188071 0.0243940 -0.0850213 -0.0719502 -0.0623548 -0.0764546 -0.0877089 -0.0657364 -0.0837936 -0.0717133 0.0402168 0.0385489 0.0312857 0.0339328 0.0337253 0.0405540 0.0479412 0.0420773 0.0517990 0.0292746 0.0310765 0.8621062 0.0406311 0.0385633 0.0424289 0.0404895 0.0102898 0.0207307 0.0371998 0.0121424 0.0132800 0.0305280 0.0218196 0.0261569 -0.0456826 0.0046749 -0.0120795 -0.0225354 -0.0004950 0.0000047 0.0003466 -0.0079167 -0.0189512 -0.0151112 0.0390002 -0.0070249 0.0395435 0.0383716 0.0376354 0.0143147 0.0176523 0.0216989 -0.0001918 0.0285817 0.0063987 0.0355311 -0.0014891 -0.0255883 -0.0226238 -0.0084680 -0.0047418 -0.0028190 -0.0185427 -0.0377709 -0.0215110 -0.1028668 -0.1051309 -0.0057756 -0.0133685 -0.0045106 -0.0465539 -0.0287718 -0.1564026 -0.0207390 -0.0622709 -0.0369089 -0.0379695 -0.0120963 -0.1157479 -0.0212116 -0.1335059
0.0093282 0.0088679 0.0144320 0.0112970 0.0092344 0.0055382 0.0068923 0.0082662 0.0073861 0.0032127 0.0064493 0.0066870 0.0089079 0.0082763 0.0097319 0.0097326 -0.0636518 -0.0548286 -0.0584916 -0.0557202 -0.0791996 -0.0583473 -0.0701518 -0.0575207 0.0281496 0.0223086 0.0286875 0.0277094 0.0246892 0.0339686 0.0382085 0.0308031 0.0294211 0.0231482 0.0255094 0.0406311 0.8682247 0.0299891 0.0354787 0.0293792 -0.0001330 0.0098429 0.0286476 0.0021460 0.0122426 0.0199224 0.0099143 0.0224802 -0.0365996 -0.0009949 -0.0090681 -0.0107042 -0.0041225 0.0004357 0.0097120 -0.0234519 -0.0123212 -0.0088885 0.0328363 0.0009262 0.0281679 0.0254693 0.0262954 0.0085381 0.0172080 0.0097546 0.0016049 0.0229318 0.0086351 0.0325761 -0.0015983 -0.0181373 -0.0163446 -0.0033737 -0.0006283 0.0004592 -0.0101248 -0.0300591 -0.0196949 -0.0909867 -0.0927594 -0.0067286 -0.0168947 0.0012821 -0.0312598 -0.0233920 -0.1226251 -0.0069100 -0.0388769 -0.0260641 -0.0268175 -0.0055703 -0.0920671 -0.0108023 -0.1035808
0.0087027 0.0125698 0.0087303 0.0148997 0.0098545 0.0060987 0.0103232 0.0101664 0.0072275 0.0056643 0.0049157 0.0028079 0.0107692 0.0053722 0.0149876 0.0147351 -0.0705885 -0.0629410 -0.0639506 -0.0746893 -0.0763549 -0.0593173 -0.0736406 -0.0614459 0.0291874 0.0257726 0.0247675 0.0257196 0.0309152 0.0449931 0.0434441 0.0316230 0.0448832 0.0246036 0.0248042 0.0385633 0.0299891 0.8754972 0.0331347 0.0419831 0.0050867 0.0202630 0.0397631 0.0096584 0.0087912 0.0232460 0.0200120 0.0283202 -0.0406599 0.0045214 -0.0053113 -0.0097666 -0.0015183 -0.0032817 0.0113236 -0.0139854 -0.0130346 -0.0021623 0.0298717 -0.0100025 0.0324117 0.0301462 0.0304339 0.0132443 0.0104140 0.0177770 0.0055261 0.0268558 0.0147472 0.0327492 0.0009937 -0.0270692 -0.0186104 -0.0026274 -0.0029959 -0.0022121 -0.0151612 -0.0221574 -0.0123178 -0.0830845 -0.0954400 -0.0018822 -0.0162518 0.0069292 -0.0322821 -0.0250789 -0.1299670 -0.0145709 -0.0426889 -0.0166013 -0.0192988 -0.0100192 -0.0993613 -0.0123555 -0.1114353
0.0165381 0.0197664 0.0188584 0.0194281 0.0213796 0.0137067 0.0197475 0.0193785 0.0142245 0.0166394 0.0146196 0.0145178 0.0204735 0.0146581 0.0180442 0.0196045 -0.0720499 -0.0595648 -0.0602599 -0.0682588 -0.0748336 -0.0637508 -0.0733887 -0.0611450 0.0251579 0.0274785 0.0256646 0.0244635 0.0290931 0.0287207 0.0383578 0.0339636 0.0443546 0.0248381 0.0154766 0.0424289 0.0354787 0.0331347 0.8589035 0.0343501 0.0050649 0.0126028 0.0263442 0.0124567 0.0068720 0.0308989 0.0172826 0.0266242 -0.0509495 0.0050911 -0.0124289 -0.0082192 -0.0068177 0.0001763 0.0122482 -0.0133792 -0.0100178 -0.0186028 0.0260412 -0.0146527 0.0321852 0.0260230 0.0255400 0.0139822 0.0119332 0.0140968 -0.0047350 0.0265424 0.0007954 0.0208962 -0.0060962 -0.0298224 -0.0253690 -0.0061561 -0.0050450 -0.0060269 -0.0047381 -0.0349581 -0.0140649 -0.0798075 -0.0880397 -0.0126542 -0.0208152 0.0024534 -0.0465681 -0.0210278 -0.1422136 -0.0197926 -0.0573845 -0.0274555 -0.0282362 -0.0080274 -0.1025371 -0.0249398 -0.1082146
