0.0014675 0.7414832 0.2570494
0.0000994 0.7538937 0.2460068
0.0000991 0.7764525 0.2234484
0.0000995 0.7112332 0.2886673
0.0000991 0.7980026 0.2018983
0.0000992 0.7899170 0.2099839
0.0000989 0.7975816 0.2023195
0.0000990 0.8108115 0.1890894
0.0000994 0.8174683 0.1824323
0.0000996 0.8148702 0.1850302
0.0000998 0.8311583 0.1687418
0.0000996 0.8501319 0.1497686
0.0000992 0.8113586 0.1885421
0.0000996 0.8151889 0.1847115
0.0000997 0.7011798 0.2987205
0.0000995 0.7155806 0.2843199
0.5536895 0.4462109 0.0000996
0.4654029 0.5344975 0.0000996
0.4446833 0.5552171 0.0000996
0.4883754 0.5115250 0.0000996
0.5322138 0.4676866 0.0000996
0.4247265 0.5751739 0.0000996
0.4920084 0.5078920 0.0000996
0.4879819 0.5119185 0.0000996
0.0000994 0.2621209 0.7377797
0.0067090 0.2401128 0.7531781
0.0000998 0.2772362 0.7226639
0.0107433 0.2259060 0.7633508
0.0000997 0.2094613 0.7904390
0.0000991 0.1575391 0.8423617
0.0000984 0.1931179 0.8067837
0.0000995 0.1853562 0.8145443
0.0000992 0.2153645 0.7845363
0.0635937 0.2591033 0.6773030
0.0609099 0.1971185 0.7419716
0.0000990 0.2415005 0.7584006
0.0108920 0.2265621 0.7625459
0.0076174 0.2188800 0.7735026
0.0000998 0.2588882 0.7410120
0.0011629 0.2389923 0.7598448
0.1157684 0.3054663 0.5787653
0.0740928 0.2060070 0.7199003
0.0182130 0.1481868 0.8336002
0.1208980 0.2532654 0.6258366
0.0938726 0.3207087 0.5854187
0.0217935 0.2511851 0.7270213
0.0807289 0.2087332 0.7105380
0.0211948 0.0296187 0.9491865
0.4626773 0.0763326 0.4609901
0.1821496 0.1726779 0.6451725
0.2589220 0.1337601 0.6073178
0.3001162 0.1542773 0.5456065
0.2233998 0.0985217 0.6780785
0.1868635 0.1976344 0.6155022
0.1774321 0.0885281 0.7340397
0.3005548 0.1339403 0.5655048
0.2945658 0.0402964 0.6651378
0.2584531 0.1051096 0.6364372
0.0134269 0.0666613 0.9199118
0.2128947 0.1217180 0.6653873
0.0000998 0.0601541 0.9397461
0.0073193 0.0036115 0.9890691
0.0120128 0.0019775 0.9860096
0.1242395 0.1222538 0.7535067
0.1476530 0.0480761 0.8042709
0.1075090 0.1401017 0.7523893
0.2068629 0.0290808 0.7640564
0.0187870 0.0342977 0.9469153
0.1725557 0.0001001 0.8273442
0.0344717 0.1965435 0.7689849
0.2154010 0.0414074 0.7431916
0.3616242 0.0605694 0.5778064
0.3335417 0.0706499 0.5958084
0.2171277 0.1975971 0.5852752
0.2313173 0.1102704 0.6584123
0.2130951 0.1465316 0.6403733
0.2856930 0.1243564 0.5899506
0.4037220 0.0420693 0.5542086
0.2876170 0.1335033 0.5788797
0.7286303 0.0001002 0.2712695
0.7459050 0.0001004 0.2539946
0.2578868 0.0261644 0.7159488
0.2993610 0.0755127 0.6251263
0.2044224 0.0950814 0.7004962
0.4604414 0.0001001 0.5394585
0.3380113 0.0377029 0.6242858
0.9804296 0.0001002 0.0194702
0.3239366 0.0402875 0.6357759
0.5140560 0.0001000 0.4858440
0.3731106 0.0001006 0.6267888
0.3794287 0.0001006 0.6204707
0.2606216 0.0769988 0.6623796
0.7630058 0.0494072 0.1875870
0.3069149 0.0284505 0.6646346
0.8552279 0.0001003 0.1446718
