0.8523623 0.1383650 0.1016333 0.1263041 0.1023186 0.0996937 0.1041222 0.1063854 0.0999127 0.0972442 0.0925856 0.1019111 0.0957782 0.0939212 0.0995714 0.0995843 -0.0024589 0.0162006 0.0137648 0.0062075 0.0019300 0.0247176 0.0033429 0.0147733 0.0763272 0.0748607 0.0750632 0.0637752 0.0697106 0.0718778 0.0805313 0.0691002 0.0805924 0.0625261 0.0656644 0.0807451 0.0716726 0.0721516 0.0768613 0.0725407 0.0543740 0.0574920 0.0661507 0.0535113 0.0628096 0.0682560 0.0595717 0.0606704 -0.0038329 0.0467331 0.0290556 0.0151244 0.0300446 0.0384891 0.0382041 0.0174448 0.0168851 0.0215340 0.0629276 0.0345187 0.0674038 0.0548256 0.0544343 0.0545642 0.0384175 0.0528085 0.0326294 0.0609321 0.0334967 0.0644696 0.0343976 0.0093727 0.0135607 0.0419114 0.0350315 0.0318591 0.0257322 0.0030248 0.0222643 -0.0530063 -0.0591816 0.0266799 0.0231348 0.0353014 -0.0096433 0.0126510 -0.1220074 0.0182733 -0.0198863 0.0042399 0.0045748 0.0306695 -0.0659025 0.0185759 -0.0923960 -0.2767701 -0.2812023 -0.2791480 -0.2783921 -0.2773534 -0.2760617 -0.2766148 -0.2791758 -0.2802961 -0.2835050 -0.2842872 -0.2834644 -0.2836174 -0.2848692 -0.2859244 -0.2839324 -0.2861242 -0.2839094
0.1383650 0.8591338 0.1041615 0.1356342 0.1034143 0.1057489 0.1089839 0.1078048 0.1018699 0.1004091 0.0978053 0.1026980 0.1040500 0.0989806 0.1018909 0.1034036 -0.0060778 0.0202086 0.0184354 0.0088834 -0.0023692 0.0238234 0.0051603 0.0099100 0.0776777 0.0764661 0.0783815 0.0668909 0.0727757 0.0750671 0.0825382 0.0740079 0.0801340 0.0648101 0.0663079 0.0825570 0.0726073 0.0762109 0.0802965 0.0763598 0.0576700 0.0590058 0.0676672 0.0579046 0.0641248 0.0704944 0.0564784 0.0588574 -0.0043038 0.0518676 0.0293668 0.0145829 0.0312630 0.0379231 0.0394061 0.0175136 0.0148636 0.0235608 0.0648399 0.0365951 0.0668049 0.0576439 0.0576788 0.0554978 0.0427112 0.0544792 0.0369087 0.0591768 0.0333348 0.0661935 0.0350175 0.0090523 0.0140096 0.0417431 0.0362284 0.0371465 0.0237473 0.0017505 0.0248633 -0.0565014 -0.0605963 0.0268617 0.0231853 0.0337178 -0.0130368 0.0141182 -0.1249759 0.0214495 -0.0214136 0.0025736 0.0017914 0.0330458 -0.0689524 0.0225212 -0.0931965 -0.2856098 -0.2907868 -0.2874345 -0.2868115 -0.2864804 -0.2861065 -0.2850437 -0.2908496 -0.2899080 -0.2931153 -0.2913249 -0.2941170 -0.2922872 -0.2939313 -0.2938948 -0.2932966 -0.2954740 -0.2931320
0.1016333 0.1041615 0.8498302 0.1013497 0.1372279 0.1341748 0.1530276 0.1387021 0.1021018 0.1014019 0.0957175 0.1011571 0.1021077 0.0987082 0.1040091 0.1034046 -0.0014928 0.0152677 0.0193013 0.0034305 -0.0014557 0.0229627 0.0037723 0.0101693 0.0768309 0.0765039 0.0805220 0.0713433 0.0725504 0.0777992 0.0862644 0.0731163 0.0840633 0.0658119 0.0697973 0.0870905 0.0776152 0.0742990 0.0805104 0.0794205 0.0619553 0.0631247 0.0674973 0.0556047 0.0674558 0.0754192 0.0600551 0.0604963 -0.0070568 0.0472144 0.0334347 0.0138209 0.0330504 0.0389291 0.0402051 0.0181848 0.0193402 0.0224575 0.0622959 0.0356894 0.0684135 0.0564506 0.0580291 0.0514165 0.0389491 0.0493776 0.0353481 0.0603367 0.0343197 0.0638426 0.0349786 0.0110170 0.0142857 0.0441518 0.0394753 0.0346254 0.0240110 0.0006592 0.0244555 -0.0586729 -0.0660011 0.0288697 0.0266856 0.0347052 -0.0117560 0.0158657 -0.1246911 0.0140520 -0.0228243 0.0053268 0.0049785 0.0322215 -0.0714871 0.0205945 -0.0972207 -0.2892885 -0.2947041 -0.2920422 -0.2895118 -0.2888449 -0.2874698 -0.2892240 -0.2915170 -0.2938136 -0.2971563 -0.2962052 -0.2973653 -0.2964677 -0.2971312 -0.2988378 -0.2970330 -0.2992419 -0.2986454
0.1263041 0.1356342 0.1013497 0.8604702 0.0982022 0.1005684 0.1006868 0.1040071 0.0989473 0.0935050 0.0942474 0.0963308 0.0940916 0.0944750 0.0987056 0.0998509 -0.0017689 0.0167306 0.0165073 0.0043250 -0.0028981 0.0217076 0.0047166 0.0130071 0.0772829 0.0738533 0.0773008 0.0695156 0.0718356 0.0740233 0.0809874 0.0715316 0.0814432 0.0630010 0.0672648 0.0799079 0.0725915 0.0758712 0.0778248 0.0753091 0.0572831 0.0602405 0.0714493 0.0575693 0.0657637 0.0700651 0.0573619 0.0605918 -0.0029166 0.0494662 0.0333368 0.0140145 0.0310841 0.0386549 0.0422874 0.0172626 0.0182248 0.0247723 0.0644337 0.0383111 0.0652496 0.0555627 0.0569505 0.0555329 0.0429277 0.0504906 0.0328297 0.0621555 0.0334534 0.0667591 0.0352341 0.0127252 0.0130084 0.0425791 0.0380347 0.0340622 0.0250280 0.0038623 0.0242603 -0.0543350 -0.0589675 0.0277617 0.0276326 0.0370073 -0.0115436 0.0130684 -0.1231112 0.0193980 -0.0209953 0.0050785 0.0058663 0.0340386 -0.0672766 0.0206819 -0.0905342 -0.2795942 -0.2835552 -0.2800344 -0.2792584 -0.2801211 -0.2777554 -0.2789057 -0.2824083 -0.2831498 -0.2873813 -0.2855331 -0.2866834 -0.2864186 -0.2865379 -0.2873428 -0.2853565 -0.2890767 -0.2851884
0.1023186 0.1034143 0.1372279 0.0982022 0.8548367 0.1437920 0.1493293 0.1432875 0.0992434 0.0975193 0.0934072 0.0994148 0.0983620 0.0960952 0.1000321 0.1026640 -0.0054312 0.0178008 0.0151674 0.0052366 -0.0016961 0.0229621 0.0050495 0.0112718 0.0794758 0.0760910 0.0799704 0.0687288 0.0726682 0.0760904 0.0857539 0.0735207 0.0834911 0.0653301 0.0657975 0.0859397 0.0745461 0.0759695 0.0826494 0.0765649 0.0635234 0.0624522 0.0673292 0.0569931 0.0666338 0.0716325 0.0612528 0.0581260 -0.0037649 0.0493728 0.0308352 0.0172851 0.0309234 0.0397673 0.0398777 0.0171108 0.0177718 0.0230973 0.0636986 0.0313000 0.0689993 0.0606919 0.0587143 0.0535167 0.0440130 0.0536038 0.0354796 0.0582908 0.0352030 0.0692407 0.0352585 0.0089689 0.0123506 0.0440968 0.0398862 0.0359251 0.0238601 0.0004583 0.0243005 -0.0577882 -0.0657830 0.0288005 0.0238898 0.0342654 -0.0095142 0.0168657 -0.1246816 0.0165068 -0.0201498 0.0062953 0.0062518 0.0341023 -0.0701519 0.0178966 -0.0927610 -0.2883017 -0.2920150 -0.2887378 -0.2872483 -0.2873041 -0.2856660 -0.2869788 -0.2893123 -0.2901711 -0.2942087 -0.2947795 -0.2951303 -0.2944756 -0.2958643 -0.2961692 -0.2945285 -0.2978417 -0.2945764
0.0996937 0.1057489 0.1341748 0.1005684 0.1437920 0.8559430 0.1463332 0.1407046 0.1004219 0.0991578 0.0944699 0.1025529 0.0986079 0.0973174 0.1018180 0.1037832 -0.0033659 0.0156541 0.0174207 0.0052197 -0.0021254 0.0220368 0.0037968 0.0105422 0.0803378 0.0784349 0.0798828 0.0690734 0.0747474 0.0783553 0.0818852 0.0721843 0.0852548 0.0650002 0.0648775 0.0829321 0.0706799 0.0714977 0.0759358 0.0764202 0.0611037 0.0610162 0.0700721 0.0555191 0.0668281 0.0713770 0.0603308 0.0569869 -0.0050399 0.0465433 0.0277147 0.0165812 0.0308045 0.0395373 0.0377837 0.0191489 0.0134813 0.0213263 0.0608165 0.0325322 0.0677122 0.0558967 0.0564699 0.0547569 0.0419323 0.0535443 0.0345115 0.0566994 0.0370158 0.0675438 0.0319120 0.0085932 0.0119977 0.0425396 0.0380001 0.0343513 0.0245984 -0.0017973 0.0246888 -0.0573959 -0.0666646 0.0286097 0.0265382 0.0350891 -0.0124063 0.0188798 -0.1244034 0.0147709 -0.0208296 0.0024871 0.0013386 0.0330218 -0.0688368 0.0164592 -0.0922276 -0.2871617 -0.2903926 -0.2894637 -0.2871926 -0.2865703 -0.2852854 -0.2866153 -0.2902163 -0.2890696 -0.2956587 -0.2930052 -0.2939351 -0.2950568 -0.2958897 -0.2948478 -0.2930625 -0.2949781 -0.2956693
0.1041222 0.1089839 0.1530276 0.1006868 0.1493293 0.1463332 0.8553867 0.1543534 0.1036065 0.1031461 0.0977635 0.1058257 0.1024957 0.1038224 0.1024382 0.1066685 -0.0057241 0.0175288 0.0195469 0.0089534 -0.0013417 0.0228996 0.0049154 0.0072976 0.0795790 0.0783828 0.0806998 0.0711951 0.0741532 0.0797564 0.0852410 0.0753229 0.0858309 0.0673488 0.0698871 0.0866710 0.0727728 0.0767987 0.0819867 0.0820198 0.0625803 0.0607889 0.0692487 0.0571522 0.0660339 0.0717956 0.0606988 0.0584657 -0.0046989 0.0482756 0.0309441 0.0150979 0.0306410 0.0401821 0.0374465 0.0184039 0.0188107 0.0216248 0.0613870 0.0291318 0.0667113 0.0593096 0.0583181 0.0555995 0.0447320 0.0555208 0.0382023 0.0592317 0.0355035 0.0700730 0.0338486 0.0093174 0.0122041 0.0441902 0.0401719 0.0361225 0.0244720 0.0008851 0.0239394 -0.0590729 -0.0668039 0.0285120 0.0268478 0.0330853 -0.0116690 0.0164680 -0.1296405 0.0142797 -0.0220796 0.0045839 0.0043545 0.0313776 -0.0727752 0.0161925 -0.0988215 -0.2953907 -0.3008168 -0.2974481 -0.2971418 -0.2963519 -0.2933441 -0.2965839 -0.2994009 -0.2990034 -0.3039050 -0.3022315 -0.3047497 -0.3023406 -0.3047770 -0.3045126 -0.3039837 -0.3026745 -0.3038033
0.1063854 0.1078048 0.1387021 0.1040071 0.1432875 0.1407046 0.1543534 0.8572649 0.1046357 0.1002616 0.0974434 0.1069292 0.1003659 0.1020127 0.1046668 0.1049010 -0.0041426 0.0151336 0.0206289 0.0067119 -0.0010372 0.0248565 0.0049151 0.0074221 0.0802660 0.0800474 0.0803106 0.0707062 0.0743182 0.0772632 0.0852496 0.0753476 0.0871557 0.0669783 0.0683435 0.0872199 0.0750765 0.0770584 0.0821492 0.0798715 0.0638472 0.0615932 0.0706949 0.0583073 0.0649830 0.0745452 0.0600318 0.0602922 -0.0049336 0.0493470 0.0287791 0.0195337 0.0307698 0.0414795 0.0414594 0.0177824 0.0181469 0.0196492 0.0609157 0.0337976 0.0697695 0.0586585 0.0588747 0.0531192 0.0427624 0.0550415 0.0358345 0.0600967 0.0376880 0.0682052 0.0357860 0.0116117 0.0128259 0.0467939 0.0394018 0.0370666 0.0260646 0.0004623 0.0251055 -0.0582007 -0.0659175 0.0281661 0.0273742 0.0359219 -0.0081586 0.0169962 -0.1276629 0.0195725 -0.0216786 0.0053298 0.0046770 0.0335721 -0.0712817 0.0202491 -0.0941300 -0.2943468 -0.2988214 -0.2956328 -0.2942757 -0.2947404 -0.2929191 -0.2944633 -0.2978739 -0.2984788 -0.3020356 -0.3017036 -0.3014110 -0.3021109 -0.3027630 -0.3036765 -0.3013169 -0.3037828 -0.3022746
0.0999127 0.1018699 0.1021018 0.0989473 0.0992434 0.1004219 0.1036065 0.1046357 0.8579212 0.1310318 0.1333998 0.1324628 0.1341879 0.1287757 0.1065961 0.1086430 -0.0047350 0.0169129 0.0169184 0.0098379 -0.0025275 0.0216633 0.0065026 0.0108636 0.0803642 0.0755416 0.0788793 0.0711375 0.0738963 0.0778382 0.0833877 0.0756667 0.0845000 0.0656476 0.0659772 0.0841376 0.0732900 0.0748978 0.0780557 0.0771876 0.0607134 0.0561992 0.0674527 0.0617008 0.0688303 0.0722240 0.0633929 0.0612315 -0.0046224 0.0486871 0.0329058 0.0114233 0.0300005 0.0400277 0.0448948 0.0190385 0.0161036 0.0252901 0.0617435 0.0347479 0.0668878 0.0579922 0.0590583 0.0533674 0.0420561 0.0560232 0.0370716 0.0612205 0.0368235 0.0692474 0.0358889 0.0107714 0.0180574 0.0423488 0.0377661 0.0340188 0.0202786 0.0018455 0.0253423 -0.0566888 -0.0603096 0.0298731 0.0211412 0.0376013 -0.0128359 0.0148973 -0.1219876 0.0201107 -0.0211630 0.0000219 0.0004793 0.0354097 -0.0721565 0.0201918 -0.0945885 -0.2905471 -0.2941643 -0.2904766 -0.2898759 -0.2890826 -0.2886851 -0.2899024 -0.2929332 -0.2938014 -0.2969180 -0.2968555 -0.2958313 -0.2969943 -0.2980377 -0.2974336 -0.2978877 -0.3006289 -0.2969188
0.0972442 0.1004091 0.1014019 0.0935050 0.0975193 0.0991578 0.1031461 0.1002616 0.1310318 0.8538002 0.1218424 0.1298467 0.1427764 0.1280414 0.0997058 0.1036616 -0.0061830 0.0160059 0.0134296 0.0094756 -0.0022796 0.0203572 0.0049958 0.0123760 0.0765181 0.0742749 0.0753457 0.0696803 0.0715371 0.0734925 0.0799116 0.0716249 0.0826826 0.0636188 0.0662089 0.0833425 0.0684933 0.0716805 0.0787095 0.0771030 0.0570003 0.0569993 0.0668432 0.0597932 0.0649282 0.0683836 0.0589968 0.0601382 -0.0067577 0.0479516 0.0305342 0.0163136 0.0303720 0.0410896 0.0380753 0.0187417 0.0160455 0.0215979 0.0598505 0.0332114 0.0657228 0.0560679 0.0551187 0.0497945 0.0425124 0.0527865 0.0344426 0.0595742 0.0337920 0.0635136 0.0323227 0.0101559 0.0157789 0.0399897 0.0355901 0.0335119 0.0208481 0.0011288 0.0243609 -0.0545108 -0.0630132 0.0280020 0.0234500 0.0361367 -0.0136183 0.0165750 -0.1212690 0.0153236 -0.0215961 0.0017579 0.0026915 0.0323254 -0.0695094 0.0170157 -0.0902596 -0.2828647 -0.2859024 -0.2848674 -0.2817611 -0.2809990 -0.2796017 -0.2822729 -0.2838632 -0.2853098 -0.2888693 -0.2888672 -0.2891401 -0.2879830 -0.2898067 -0.2903990 -0.2887627 -0.2908057 -0.2896976
0.0925856 0.0978053 0.0957175 0.0942474 0.0934072 0.0944699 0.0977635 0.0974434 0.1333998 0.1218424 0.8672631 0.1342265 0.1276135 0.1236152 0.1018345 0.1013245 -0.0038956 0.0163557 0.0181565 0.0061828 -0.0015207 0.0198458 0.0049723 0.0094179 0.0749833 0.0730998 0.0756424 0.0697470 0.0730982 0.0737211 0.0814588 0.0701958 0.0811105 0.0628047 0.0650092 0.0828431 0.0724467 0.0724595 0.0779456 0.0740985 0.0590270 0.0584268 0.0680653 0.0586635 0.0647322 0.0705612 0.0589208 0.0591606 -0.0043957 0.0463111 0.0333080 0.0134937 0.0309466 0.0374590 0.0411637 0.0179314 0.0169718 0.0247856 0.0636671 0.0365495 0.0651703 0.0555163 0.0559278 0.0524843 0.0411080 0.0533733 0.0356698 0.0592106 0.0346510 0.0628984 0.0335838 0.0090408 0.0160521 0.0415104 0.0385666 0.0334098 0.0217814 0.0033491 0.0216533 -0.0536305 -0.0596138 0.0279224 0.0253417 0.0355318 -0.0127264 0.0141188 -0.1192259 0.0187494 -0.0225224 0.0044804 0.0051810 0.0354464 -0.0705995 0.0212975 -0.0910828 -0.2779879 -0.2830867 -0.2802310 -0.2777731 -0.2785005 -0.2771623 -0.2784550 -0.2813846 -0.2815810 -0.2838556 -0.2851354 -0.2855988 -0.2855249 -0.2873927 -0.2867956 -0.2878114 -0.2897737 -0.2861030
0.1019111 0.1026980 0.1011571 0.0963308 0.0994148 0.1025529 0.1058257 0.1069292 0.1324628 0.1298467 0.1342265 0.8631532 0.1343805 0.1297680 0.1008420 0.1073938 -0.0057490 0.0178106 0.0170013 0.0077230 -0.0036839 0.0224799 0.0058360 0.0091111 0.0755882 0.0724956 0.0770858 0.0694008 0.0719578 0.0730970 0.0809059 0.0717902 0.0819856 0.0642197 0.0690363 0.0858461 0.0730183 0.0717627 0.0787136 0.0750333 0.0605666 0.0574471 0.0701166 0.0582591 0.0673908 0.0692304 0.0617015 0.0583977 -0.0079355 0.0457897 0.0309152 0.0136176 0.0321537 0.0409202 0.0404241 0.0158845 0.0168543 0.0272304 0.0612330 0.0323314 0.0639106 0.0553007 0.0562329 0.0507524 0.0423898 0.0522972 0.0367126 0.0588744 0.0349963 0.0669050 0.0355901 0.0082238 0.0153880 0.0390319 0.0355317 0.0350324 0.0212653 -0.0009294 0.0243133 -0.0537882 -0.0617002 0.0272796 0.0237881 0.0328157 -0.0158236 0.0146808 -0.1198490 0.0161066 -0.0223774 0.0023160 0.0024910 0.0309625 -0.0684646 0.0157944 -0.0936923 -0.2857504 -0.2887259 -0.2859851 -0.2848397 -0.2849647 -0.2841404 -0.2850354 -0.2867088 -0.2896065 -0.2905773 -0.2906626 -0.2914578 -0.2919547 -0.2921289 -0.2923833 -0.2927303 -0.2945508 -0.2929540
0.0957782 0.1040500 0.1021077 0.0940916 0.0983620 0.0986079 0.1024957 0.1003659 0.1341879 0.1427764 0.1276135 0.1343805 0.8611297 0.1358368 0.1032939 0.1046716 -0.0081735 0.0170970 0.0167891 0.0069074 -0.0030788 0.0225450 0.0048389 0.0095936 0.0765171 0.0746416 0.0803035 0.0695102 0.0734417 0.0754026 0.0822867 0.0733501 0.0849344 0.0651982 0.0643006 0.0839783 0.0741158 0.0757504 0.0808287 0.0755797 0.0583785 0.0572777 0.0695653 0.0625948 0.0662177 0.0711596 0.0630422 0.0579301 -0.0056821 0.0492221 0.0281498 0.0175645 0.0341753 0.0365640 0.0421223 0.0171328 0.0157116 0.0243405 0.0638154 0.0334751 0.0690284 0.0564931 0.0574062 0.0505431 0.0453651 0.0543074 0.0346291 0.0588268 0.0347123 0.0662696 0.0340490 0.0109278 0.0132135 0.0432704 0.0374214 0.0357500 0.0221171 0.0025662 0.0249520 -0.0583930 -0.0636057 0.0268140 0.0217436 0.0366120 -0.0145308 0.0140846 -0.1239158 0.0163952 -0.0223444 0.0011442 0.0021858 0.0333422 -0.0731623 0.0190746 -0.0951032 -0.2882190 -0.2928236 -0.2898652 -0.2862810 -0.2864788 -0.2861405 -0.2881990 -0.2904399 -0.2916217 -0.2946143 -0.2953754 -0.2943249 -0.2958212 -0.2970810 -0.2968938 -0.2950755 -0.2986333 -0.2961760
0.0939212 0.0989806 0.0987082 0.0944750 0.0960952 0.0973174 0.1038224 0.1020127 0.1287757 0.1280414 0.1236152 0.1297680 0.1358368 0.8631914 0.1034517 0.0983967 -0.0022528 0.0178406 0.0190064 0.0053732 -0.0019000 0.0232128 0.0040444 0.0117485 0.0779397 0.0699868 0.0747807 0.0695836 0.0734561 0.0724026 0.0787151 0.0713424 0.0788128 0.0637241 0.0653843 0.0834013 0.0729068 0.0718257 0.0772588 0.0772911 0.0573719 0.0585973 0.0696394 0.0589925 0.0646914 0.0705471 0.0607139 0.0607541 -0.0054397 0.0470623 0.0302296 0.0146064 0.0300303 0.0369007 0.0408313 0.0189117 0.0143285 0.0237062 0.0629159 0.0340486 0.0669044 0.0552845 0.0558705 0.0523001 0.0425670 0.0517318 0.0335433 0.0609206 0.0349148 0.0641650 0.0328414 0.0076941 0.0145161 0.0419701 0.0384076 0.0370635 0.0242231 0.0013683 0.0231351 -0.0564986 -0.0618036 0.0254878 0.0227821 0.0345749 -0.0146540 0.0147133 -0.1213562 0.0157514 -0.0223228 0.0028853 0.0033517 0.0341018 -0.0719388 0.0237914 -0.0938176 -0.2830248 -0.2869503 -0.2843251 -0.2833658 -0.2829835 -0.2807866 -0.2835388 -0.2852922 -0.2867166 -0.2889537 -0.2894580 -0.2900372 -0.2887244 -0.2916974 -0.2918900 -0.2900507 -0.2917628 -0.2917390
0.0995714 0.1018909 0.1040091 0.0987056 0.1000321 0.1018180 0.1024382 0.1046668 0.1065961 0.0997058 0.1018345 0.1008420 0.1032939 0.1034517 0.8577081 0.1052572 -0.0015886 0.0163410 0.0171570 0.0044699 -0.0002129 0.0268825 0.0048630 0.0106252 0.0760675 0.0758981 0.0802424 0.0693935 0.0734968 0.0757399 0.0837987 0.0711228 0.0832570 0.0641932 0.0702059 0.0807397 0.0718633 0.0771486 0.0785505 0.0773813 0.0591904 0.0601411 0.0682687 0.0597046 0.0646038 0.0737035 0.0565702 0.0607821 -0.0046466 0.0484407 0.0338402 0.0158459 0.0321135 0.0421758 0.0437630 0.0161792 0.0188807 0.0286560 0.0643828 0.0370032 0.0673039 0.0573827 0.0555269 0.0499725 0.0431943 0.0513431 0.0360903 0.0613568 0.0343032 0.0663367 0.0356049 0.0129545 0.0168378 0.0408255 0.0372087 0.0338851 0.0222309 0.0019022 0.0254115 -0.0521256 -0.0597463 0.0308240 0.0293774 0.0376103 -0.0097727 0.0160701 -0.1216790 0.0186468 -0.0198182 0.0035386 0.0039450 0.0315740 -0.0656512 0.0188075 -0.0899113 -0.2808138 -0.2867889 -0.2854227 -0.2829195 -0.2821234 -0.2800694 -0.2840982 -0.2852024 -0.2855779 -0.2897981 -0.2890975 -0.2894668 -0.2892682 -0.2897461 -0.2912849 -0.2898963 -0.2915703 -0.2910150
0.0995843 0.1034036 0.1034046 0.0998509 0.1026640 0.1037832 0.1066685 0.1049010 0.1086430 0.1036616 0.1013245 0.1073938 0.1046716 0.0983967 0.1052572 0.8575906 -0.0069936 0.0163780 0.0158355 0.0088812 -0.0014628 0.0226500 0.0047454 0.0115642 0.0795046 0.0804320 0.0816408 0.0700570 0.0763687 0.0777132 0.0860356 0.0778050 0.0906303 0.0646793 0.0709980 0.0862345 0.0727384 0.0784797 0.0806037 0.0772966 0.0624604 0.0626391 0.0740994 0.0578839 0.0655578 0.0753511 0.0624180 0.0596703 -0.0022702 0.0483513 0.0342379 0.0157177 0.0330050 0.0432274 0.0427520 0.0163579 0.0175575 0.0281297 0.0644010 0.0374072 0.0705361 0.0585543 0.0581958 0.0530386 0.0456838 0.0562636 0.0374181 0.0610264 0.0342265 0.0673589 0.0390080 0.0111172 0.0179382 0.0451136 0.0372429 0.0399283 0.0246217 0.0018388 0.0260138 -0.0520654 -0.0600741 0.0307699 0.0252014 0.0351510 -0.0086625 0.0167542 -0.1228824 0.0196293 -0.0191618 0.0028233 0.0032607 0.0346822 -0.0488245 0.0174104 -0.0923086 -0.2865132 -0.2910840 -0.2888524 -0.2844513 -0.2863285 -0.2834296 -0.2865317 -0.2890037 -0.2906177 -0.2933169 -0.2937437 -0.2940909 -0.2939000 -0.2952660 -0.2960065 -0.2949242 -0.2961401 -0.2948206
-0.0024589 -0.0060778 -0.0014928 -0.0017689 -0.0054312 -0.0033659 -0.0057241 -0.0041426 -0.0047350 -0.0061830 -0.0038956 -0.0057490 -0.0081735 -0.0022528 -0.0015886 -0.0069936 0.9594409 0.0113381 0.0138417 0.0256731 0.0222093 0.0069352 0.0119606 0.0277195 -0.0108525 -0.0109474 -0.0118117 -0.0052724 -0.0125932 -0.0107902 -0.0141826 -0.0168998 -0.0153671 -0.0027021 -0.0043873 -0.0108635 -0.0066448 -0.0065406 -0.0105305 -0.0103774 -0.0026083 -0.0042029 -0.0140371 -0.0103074 -0.0118048 -0.0051346 -0.0033695 -0.0146805 0.0015338 -0.0119901 -0.0079151 -0.0037311 -0.0186918 -0.0046994 -0.0000612 -0.0112221 -0.0025100 -0.0108910 -0.0162507 -0.0087038 -0.0096773 -0.0159691 -0.0145942 -0.0112012 -0.0103740 -0.0098578 -0.0146950 -0.0142674 -0.0107978 -0.0116637 -0.0115317 -0.0060442 -0.0035640 -0.0071420 -0.0077039 -0.0129301 -0.0078219 -0.0129241 -0.0054995 -0.0025494 -0.0025103 -0.0075271 -0.0014270 -0.0079528 -0.0045439 -0.0111150 -0.0037979 -0.0058800 -0.0041134 -0.0210937 -0.0201123 -0.0191616 -0.0085505 -0.0027026 -0.0031623 0.0070002 0.0057891 0.0068671 0.0073018 0.0066972 0.0063712 0.0078796 0.0076125 0.0061425 0.0060972 0.0061145 0.0045654 0.0055309 0.0045304 0.0040674 0.0065107 -0.0001295 0.0041661
0.0162006 0.0202086 0.0152677 0.0167306 0.0178008 0.0156541 0.0175288 0.0151336 0.0169129 0.0160059 0.0163557 0.0178106 0.0170970 0.0178406 0.0163410 0.0163780 0.0113381 0.9295446 0.0268740 0.0227018 0.0142811 0.0186201 0.0171155 0.0192471 0.0078594 0.0006263 0.0043109 0.0035320 0.0082729 0.0029009 0.0036726 0.0013106 0.0045553 0.0099492 0.0015186 0.0037961 0.0057488 0.0052896 0.0049134 0.0021174 0.0068049 -0.0035451 0.0059923 0.0042583 0.0058735 0.0032689 0.0029267 0.0000291 -0.0089490 -0.0017787 0.0011646 -0.0136225 -0.0074389 0.0045765 -0.0067547 -0.0083263 -0.0043291 -0.0012569 -0.0001319 -0.0012684 0.0012299 -0.0039847 -0.0037809 -0.0000300 -0.0008325 -0.0020184 -0.0046600 -0.0005321 -0.0076311 0.0018054 -0.0046619 -0.0018444 -0.0025879 0.0018047 0.0009304 0.0078915 -0.0043042 -0.0033031 0.0025893 -0.0140826 -0.0169613 0.0013965 0.0024859 -0.0004439 -0.0033411 0.0023900 -0.0244424 -0.0057701 -0.0101604 -0.0107872 -0.0100556 -0.0008655 -0.0145564 -0.0079607 -0.0155097 -0.0484771 -0.0527169 -0.0504597 -0.0479722 -0.0494952 -0.0486471 -0.0509309 -0.0516222 -0.0495537 -0.0508459 -0.0527459 -0.0545851 -0.0553978 -0.0544695 -0.0536412 -0.0535995 -0.0575162 -0.0523903
0.0137648 0.0184354 0.0193013 0.0165073 0.0151674 0.0174207 0.0195469 0.0206289 0.0169184 0.0134296 0.0181565 0.0170013 0.0167891 0.0190064 0.0171570 0.0158355 0.0138417 0.0268740 0.9381505 0.0200175 0.0224817 0.0211737 0.0139145 0.0213844 0.0065988 0.0064892 0.0090469 0.0037399 0.0049060 0.0028068 0.0044869 0.0009689 0.0034641 0.0096689 -0.0028596 0.0091965 0.0037091 0.0038689 0.0046374 0.0078012 0.0041648 -0.0012469 0.0026038 0.0002354 0.0131715 0.0055747 0.0010014 0.0011311 -0.0039888 0.0019703 0.0000054 -0.0132999 -0.0014495 0.0030435 0.0002891 -0.0001623 -0.0080906 -0.0054776 -0.0014931 0.0016120 0.0004133 -0.0025427 -0.0010376 0.0055754 -0.0024120 -0.0017260 -0.0029134 0.0021174 -0.0100630 0.0026339 -0.0095878 -0.0115400 -0.0057195 0.0028272 -0.0008539 0.0002430 -0.0028616 -0.0092001 -0.0033315 -0.0118482 -0.0101739 -0.0053363 0.0054272 -0.0076556 -0.0086993 -0.0025380 -0.0288774 -0.0054539 -0.0220292 -0.0101808 -0.0109098 -0.0024457 -0.0184502 -0.0051168 -0.0243156 -0.0474522 -0.0512420 -0.0503386 -0.0485710 -0.0473296 -0.0475278 -0.0488840 -0.0492688 -0.0513897 -0.0491378 -0.0512381 -0.0538003 -0.0518669 -0.0521394 -0.0542455 -0.0512222 -0.0528673 -0.0543704
0.0062075 0.0088834 0.0034305 0.0043250 0.0052366 0.0052197 0.0089534 0.0067119 0.0098379 0.0094756 0.0061828 0.0077230 0.0069074 0.0053732 0.0044699 0.0088812 0.0256731 0.0227018 0.0200175 0.9607975 0.0143624 0.0258372 0.0307476 0.0187556 -0.0028776 -0.0046184 -0.0040526 -0.0046003 -0.0052276 -0.0067552 -0.0089927 -0.0082142 -0.0057359 0.0028825 -0.0055418 -0.0015160 0.0016173 -0.0049866 -0.0038438 -0.0061365 -0.0076759 -0.0094069 -0.0108196 -0.0068653 -0.0022716 -0.0080191 -0.0110417 -0.0020910 -0.0049062 -0.0028793 -0.0014642 -0.0047856 0.0006139 -0.0036376 -0.0063133 -0.0181100 -0.0072819 -0.0035491 -0.0070732 -0.0009478 -0.0071635 -0.0106980 -0.0100505 -0.0115532 -0.0037564 -0.0095866 -0.0057684 -0.0022674 -0.0155795 -0.0023803 -0.0111836 -0.0129692 -0.0079218 0.0071117 0.0002542 -0.0111727 -0.0100435 -0.0133422 -0.0088475 -0.0104368 -0.0232159 -0.0094770 -0.0172613 -0.0040614 -0.0166544 -0.0072875 -0.0101617 -0.0029326 -0.0067952 -0.0087022 -0.0083043 -0.0057427 -0.0060086 -0.0231752 -0.0089017 -0.0194246 -0.0228563 -0.0199650 -0.0185955 -0.0168746 -0.0195680 -0.0207895 -0.0172280 -0.0181860 -0.0194219 -0.0189549 -0.0210394 -0.0192460 -0.0217202 -0.0199640 -0.0204675 -0.0220012 -0.0240342
0.0019300 -0.0023692 -0.0014557 -0.0028981 -0.0016961 -0.0021254 -0.0013417 -0.0010372 -0.0025275 -0.0022796 -0.0015207 -0.0036839 -0.0030788 -0.0019000 -0.0002129 -0.0014628 0.0222093 0.0142811 0.0224817 0.0143624 0.9696407 0.0189208 0.0163555 0.0242050 -0.0111597 -0.0083113 -0.0043632 -0.0103575 -0.0111556 -0.0154769 -0.0090600 -0.0160927 -0.0157800 -0.0027241 -0.0138698 -0.0108031 -0.0160905 -0.0076625 -0.0111099 -0.0090426 -0.0047976 -0.0108181 -0.0132807 -0.0115169 -0.0084759 -0.0081460 -0.0095791 -0.0178637 -0.0022194 -0.0059311 -0.0115140 -0.0031109 -0.0079816 -0.0127900 -0.0151043 -0.0131740 -0.0104481 -0.0159392 -0.0176457 -0.0101387 -0.0136052 -0.0106597 -0.0117132 -0.0073389 -0.0112172 -0.0145784 -0.0122631 -0.0193830 -0.0150173 -0.0076108 -0.0100600 -0.0082082 -0.0076593 -0.0060572 -0.0058964 -0.0182498 -0.0097395 -0.0012885 -0.0130865 -0.0065587 -0.0074362 -0.0103370 -0.0098458 -0.0049886 -0.0109248 -0.0150745 0.0004462 -0.0065605 -0.0036768 -0.0147040 -0.0150174 -0.0052792 -0.0034967 -0.0029109 -0.0068485 0.0052443 0.0055489 0.0074478 0.0072865 0.0076510 0.0065612 0.0061548 0.0067384 0.0056173 0.0057069 0.0042029 0.0038051 0.0053077 0.0025778 0.0041620 0.0042978 0.0002843 0.0038643
0.0247176 0.0238234 0.0229627 0.0217076 0.0229621 0.0220368 0.0228996 0.0248565 0.0216633 0.0203572 0.0198458 0.0224799 0.0225450 0.0232128 0.0268825 0.0226500 0.0069352 0.0186201 0.0211737 0.0258372 0.0189208 0.9415616 0.0213478 0.0275295 0.0047192 0.0104387 0.0092492 0.0116973 0.0047038 0.0034387 0.0067970 0.0042650 0.0059969 0.0125623 0.0049011 0.0095293 0.0062647 0.0103041 0.0036315 0.0100278 0.0037907 -0.0009815 0.0046471 0.0039533 0.0085234 0.0037996 0.0015432 0.0043960 -0.0026824 -0.0001446 0.0052554 -0.0016980 0.0086994 0.0004502 -0.0025629 -0.0084868 -0.0089246 0.0025661 0.0066946 0.0056169 -0.0010114 0.0023246 0.0028887 0.0007576 -0.0051425 -0.0022162 -0.0050368 0.0044219 -0.0065864 0.0056540 -0.0096509 -0.0069072 -0.0047448 0.0064405 0.0023230 -0.0001985 -0.0005951 0.0010177 0.0109977 -0.0164054 -0.0237622 -0.0054305 -0.0077693 0.0051424 -0.0136328 -0.0007733 -0.0294074 -0.0028822 -0.0147848 -0.0050457 -0.0041164 -0.0011256 -0.0176136 -0.0079065 -0.0235804 -0.0630879 -0.0646467 -0.0642456 -0.0613580 -0.0617646 -0.0628087 -0.0606802 -0.0625006 -0.0641871 -0.0636566 -0.0633826 -0.0636604 -0.0627684 -0.0650655 -0.0632334 -0.0670240 -0.0666542 -0.0663697
0.0033429 0.0051603 0.0037723 0.0047166 0.0050495 0.0037968 0.0049154 0.0049151 0.0065026 0.0049958 0.0049723 0.0058360 0.0048389 0.0040444 0.0048630 0.0047454 0.0119606 0.0171155 0.0139145 0.0307476 0.0163555 0.0213478 0.9460897 0.0218846 -0.0041293 -0.0079366 -0.0070047 -0.0067848 -0.0067287 -0.0071642 -0.0029793 -0.0076715 -0.0063183 0.0014771 -0.0072913 -0.0073115 -0.0071619 -0.0054453 -0.0086390 -0.0060732 -0.0012788 -0.0070825 -0.0072509 -0.0049162 -0.0075524 -0.0036330 -0.0089296 -0.0063868 -0.0097174 -0.0040196 -0.0006759 -0.0041791 -0.0063861 -0.0056649 -0.0097680 -0.0098189 -0.0142190 0.0005692 -0.0052032 -0.0031205 -0.0109246 -0.0093985 -0.0077464 -0.0125569 -0.0105471 -0.0057211 -0.0113040 -0.0072007 -0.0129312 -0.0045673 -0.0161637 -0.0089752 -0.0114436 0.0021853 -0.0063308 -0.0124769 -0.0075790 -0.0116849 -0.0040738 -0.0049513 -0.0160192 -0.0060205 -0.0091766 -0.0004702 -0.0075434 -0.0063183 -0.0147100 0.0029531 -0.0044446 -0.0134570 -0.0127163 -0.0089808 -0.0100784 -0.0111514 -0.0069445 -0.0116966 -0.0121233 -0.0134923 -0.0081788 -0.0117781 -0.0088998 -0.0102703 -0.0104470 -0.0115418 -0.0110432 -0.0131763 -0.0140266 -0.0116438 -0.0125761 -0.0124399 -0.0139316 -0.0159782 -0.0110829
0.0147733 0.0099100 0.0101693 0.0130071 0.0112718 0.0105422 0.0072976 0.0074221 0.0108636 0.0123760 0.0094179 0.0091111 0.0095936 0.0117485 0.0106252 0.0115642 0.0277195 0.0192471 0.0213844 0.0187556 0.0242050 0.0275295 0.0218846 0.9425921 0.0038255 0.0077941 0.0004004 0.0052610 0.0007485 -0.0008525 -0.0001908 0.0015144 -0.0015669 0.0072243 -0.0047347 0.0035637 0.0029294 0.0058635 0.0035340 0.0002282 0.0048612 -0.0027383 -0.0025199 -0.0001221 0.0042644 0.0037006 0.0027050 -0.0056363 -0.0079001 -0.0017067 0.0027540 0.0003599 -0.0047166 -0.0018387 0.0025738 -0.0090472 -0.0053699 -0.0045381 -0.0028416 -0.0073574 0.0006470 -0.0024809 -0.0017830 -0.0064675 -0.0063564 -0.0071248 -0.0067511 -0.0054883 -0.0040157 0.0054657 -0.0050215 -0.0012786 -0.0019994 -0.0014391 -0.0013752 -0.0019228 0.0000998 -0.0016418 -0.0080536 -0.0131871 -0.0223076 -0.0074238 -0.0027022 -0.0025991 -0.0039530 -0.0078525 -0.0181210 -0.0084075 -0.0157007 -0.0042616 -0.0046388 -0.0069143 -0.0143533 -0.0070979 -0.0153199 -0.0396973 -0.0398703 -0.0411052 -0.0372595 -0.0367481 -0.0373379 -0.0366651 -0.0371612 -0.0380156 -0.0398703 -0.0398931 -0.0386797 -0.0427750 -0.0413988 -0.0404958 -0.0411041 -0.0429082 -0.0412743
0.0763272 0.0776777 0.0768309 0.0772829 0.0794758 0.0803378 0.0795790 0.0802660 0.0803642 0.0765181 0.0749833 0.0755882 0.0765171 0.0779397 0.0760675 0.0795046 -0.0108525 0.0078594 0.0065988 -0.0028776 -0.0111597 0.0047192 -0.0041293 0.0038255 0.8477594 0.0749543 0.0783418 0.0874639 0.0993740 0.1102077 0.1121032 0.0918678 0.0824332 0.0588404 0.0655140 0.0818347 0.0705757 0.0698874 0.0717722 0.0772818 0.0535421 0.0553738 0.0688094 0.0555104 0.0630794 0.0679410 0.0552467 0.0551898 -0.0041656 0.0401995 0.0264380 0.0175729 0.0280019 0.0379049 0.0345821 0.0222659 0.0204177 0.0227267 0.0612184 0.0339629 0.0603572 0.0504895 0.0506203 0.0545990 0.0438054 0.0533913 0.0367608 0.0566665 0.0427066 0.0652655 0.0388424 0.0137485 0.0140077 0.0377526 0.0359144 0.0397481 0.0234984 0.0070797 0.0206475 -0.0420546 -0.0560463 0.0293754 0.0308671 0.0394007 -0.0107083 0.0167548 -0.1115862 0.0232517 -0.0132979 0.0062295 0.0049546 0.0348576 -0.0658314 0.0223375 -0.0860543 -0.2617719 -0.2671967 -0.2624068 -0.2621299 -0.2611205 -0.2609341 -0.2602696 -0.2649389 -0.2646222 -0.2692551 -0.2682513 -0.2681512 -0.2707403 -0.2708593 -0.2711330 -0.2677892 -0.2716295 -0.2697365
0.0748607 0.0764661 0.0765039 0.0738533 0.0760910 0.0784349 0.0783828 0.0800474 0.0755416 0.0742749 0.0730998 0.0724956 0.0746416 0.0699868 0.0758981 0.0804320 -0.0109474 0.0006263 0.0064892 -0.0046184 -0.0083113 0.0104387 -0.0079366 0.0077941 0.0749543 0.8544973 0.1079495 0.0646315 0.0793915 0.0722804 0.0824927 0.0738417 0.0826068 0.0582156 0.0619769 0.0818734 0.0672375 0.0685459 0.0721615 0.0764077 0.0527287 0.0583950 0.0637071 0.0510299 0.0562722 0.0687392 0.0569070 0.0543636 -0.0001943 0.0476183 0.0310475 0.0163008 0.0381474 0.0436487 0.0467339 0.0165196 0.0214131 0.0260474 0.0620189 0.0367051 0.0722375 0.0573353 0.0568244 0.0528314 0.0436272 0.0504798 0.0321325 0.0547947 0.0358247 0.0631415 0.0352609 0.0131195 0.0203233 0.0413409 0.0413297 0.0332923 0.0263587 0.0037299 0.0269629 -0.0379186 -0.0504441 0.0344560 0.0264570 0.0409286 -0.0032501 0.0251346 -0.1178037 0.0225507 -0.0144972 0.0068450 0.0070812 0.0366144 -0.0594185 0.0191716 -0.0798233 -0.2546400 -0.2613592 -0.2588305 -0.2550756 -0.2569748 -0.2549085 -0.2586978 -0.2595913 -0.2596508 -0.2635646 -0.2626143 -0.2635887 -0.2635120 -0.2624042 -0.2668420 -0.2639384 -0.2643505 -0.2644052
0.0750632 0.0783815 0.0805220 0.0773008 0.0799704 0.0798828 0.0806998 0.0803106 0.0788793 0.0753457 0.0756424 0.0770858 0.0803035 0.0747807 0.0802424 0.0816408 -0.0118117 0.0043109 0.0090469 -0.0040526 -0.0043632 0.0092492 -0.0070047 0.0004004 0.0783418 0.1079495 0.8509198 0.0713121 0.0761133 0.0821699 0.0817666 0.0801379 0.0794460 0.0586776 0.0634586 0.0768007 0.0724563 0.0679234 0.0726429 0.0765259 0.0546080 0.0581195 0.0676641 0.0563500 0.0589483 0.0657884 0.0589093 0.0559456 -0.0030701 0.0447678 0.0248585 0.0197034 0.0324353 0.0362373 0.0400684 0.0153277 0.0200349 0.0291255 0.0614362 0.0418745 0.0681784 0.0567480 0.0561323 0.0592401 0.0494185 0.0478854 0.0362948 0.0558702 0.0387744 0.0669405 0.0432555 0.0137731 0.0131927 0.0409566 0.0417783 0.0380192 0.0232506 0.0037628 0.0255351 -0.0482697 -0.0543466 0.0350888 0.0286464 0.0372065 -0.0007691 0.0211777 -0.1109237 0.0203575 -0.0135146 0.0049217 0.0042807 0.0346002 -0.0606070 0.0250829 -0.0786498 -0.2610333 -0.2664938 -0.2629938 -0.2592105 -0.2616111 -0.2588146 -0.2615244 -0.2622491 -0.2642669 -0.2668910 -0.2663960 -0.2685866 -0.2680435 -0.2683327 -0.2696556 -0.2671089 -0.2697672 -0.2680925
0.0637752 0.0668909 0.0713433 0.0695156 0.0687288 0.0690734 0.0711951 0.0707062 0.0711375 0.0696803 0.0697470 0.0694008 0.0695102 0.0695836 0.0693935 0.0700570 -0.0052724 0.0035320 0.0037399 -0.0046003 -0.0103575 0.0116973 -0.0067848 0.0052610 0.0874639 0.0646315 0.0713121 0.8600088 0.0993190 0.0823214 0.0822118 0.0905658 0.0649501 0.0533470 0.0550333 0.0731682 0.0673751 0.0634434 0.0661036 0.0592666 0.0566304 0.0554796 0.0634741 0.0498654 0.0533543 0.0678163 0.0634402 0.0545846 -0.0060793 0.0373606 0.0318321 0.0180315 0.0342552 0.0433501 0.0367781 0.0113547 0.0207107 0.0208876 0.0575049 0.0289051 0.0612170 0.0523629 0.0529391 0.0501720 0.0399250 0.0452711 0.0260025 0.0550798 0.0363165 0.0614384 0.0317955 0.0157681 0.0230845 0.0321281 0.0336192 0.0317943 0.0202103 0.0015929 0.0180701 -0.0419068 -0.0490802 0.0276107 0.0257175 0.0332441 -0.0078007 0.0172961 -0.1029299 0.0188048 -0.0212929 0.0033962 0.0035271 0.0247706 -0.0639946 0.0174104 -0.0778221 -0.2385774 -0.2434137 -0.2423694 -0.2371193 -0.2370313 -0.2363162 -0.2388172 -0.2410257 -0.2431184 -0.2475482 -0.2443055 -0.2454946 -0.2464819 -0.2446439 -0.2479456 -0.2448762 -0.2482045 -0.2477760
0.0697106 0.0727757 0.0725504 0.0718356 0.0726682 0.0747474 0.0741532 0.0743182 0.0738963 0.0715371 0.0730982 0.0719578 0.0734417 0.0734561 0.0734968 0.0763687 -0.0125932 0.0082729 0.0049060 -0.0052276 -0.0111556 0.0047038 -0.0067287 0.0007485 0.0993740 0.0793915 0.0761133 0.0993190 0.8545844 0.0920883 0.0887964 0.0987229 0.0713602 0.0562102 0.0579259 0.0736770 0.0649305 0.0679474 0.0709577 0.0673488 0.0537670 0.0481936 0.0628198 0.0516816 0.0535172 0.0631154 0.0528650 0.0537893 0.0068446 0.0395645 0.0305770 0.0087676 0.0348315 0.0426000 0.0385159 0.0159251 0.0196999 0.0277454 0.0594907 0.0322775 0.0676381 0.0559318 0.0555698 0.0554351 0.0416193 0.0505103 0.0327059 0.0532238 0.0353782 0.0630764 0.0351936 0.0156174 0.0168228 0.0386286 0.0361917 0.0327554 0.0222706 0.0029910 0.0249455 -0.0403038 -0.0487662 0.0320313 0.0230492 0.0369512 -0.0082718 0.0133000 -0.1091331 0.0155173 -0.0155014 0.0075449 0.0077760 0.0293802 -0.0634349 0.0183024 -0.0793671 -0.2466890 -0.2537503 -0.2507956 -0.2484387 -0.2488331 -0.2474035 -0.2495269 -0.2525448 -0.2526450 -0.2553790 -0.2565924 -0.2551588 -0.2567943 -0.2565063 -0.2577572 -0.2565880 -0.2578888 -0.2574497
0.0718778 0.0750671 0.0777992 0.0740233 0.0760904 0.0783553 0.0797564 0.0772632 0.0778382 0.0734925 0.0737211 0.0730970 0.0754026 0.0724026 0.0757399 0.0777132 -0.0107902 0.0029009 0.0028068 -0.0067552 -0.0154769 0.0034387 -0.0071642 -0.0008525 0.1102077 0.0722804 0.0821699 0.0823214 0.0920883 0.8532414 0.1098863 0.0886741 0.0719030 0.0584233 0.0638806 0.0775048 0.0715674 0.0780999 0.0705507 0.0749507 0.0532070 0.0572192 0.0718990 0.0559959 0.0621670 0.0669805 0.0591655 0.0650471 -0.0004045 0.0398425 0.0264085 0.0183727 0.0340385 0.0401598 0.0466277 0.0168412 0.0174714 0.0251040 0.0597549 0.0324069 0.0700375 0.0589115 0.0597901 0.0591508 0.0425302 0.0524722 0.0353890 0.0657300 0.0431107 0.0699277 0.0398796 0.0133409 0.0208064 0.0352645 0.0328463 0.0449672 0.0206294 0.0056897 0.0246383 -0.0443844 -0.0513704 0.0358235 0.0296123 0.0369266 -0.0054265 0.0217359 -0.1143809 0.0215360 -0.0173217 0.0079258 0.0077292 0.0330568 -0.0629698 0.0213568 -0.0844670 -0.2590168 -0.2663092 -0.2621134 -0.2601154 -0.2604922 -0.2586385 -0.2603226 -0.2626885 -0.2629793 -0.2671879 -0.2669011 -0.2670259 -0.2664972 -0.2686929 -0.2678351 -0.2677089 -0.2697748 -0.2687050
0.0805313 0.0825382 0.0862644 0.0809874 0.0857539 0.0818852 0.0852410 0.0852496 0.0833877 0.0799116 0.0814588 0.0809059 0.0822867 0.0787151 0.0837987 0.0860356 -0.0141826 0.0036726 0.0044869 -0.0089927 -0.0090600 0.0067970 -0.0029793 -0.0001908 0.1121032 0.0824927 0.0817666 0.0822118 0.0887964 0.1098863 0.8521498 0.0910161 0.0831846 0.0631061 0.0675015 0.0870665 0.0776055 0.0802588 0.0810424 0.0814663 0.0616347 0.0600254 0.0754188 0.0587198 0.0651802 0.0783144 0.0617021 0.0659931 -0.0075012 0.0507815 0.0319689 0.0260677 0.0389819 0.0435517 0.0488975 0.0218369 0.0176704 0.0257131 0.0735790 0.0362464 0.0694705 0.0584268 0.0586528 0.0548702 0.0477082 0.0545651 0.0386779 0.0667809 0.0432669 0.0775013 0.0404441 0.0121039 0.0201066 0.0442897 0.0424778 0.0391717 0.0248614 0.0044111 0.0254760 -0.0454186 -0.0574522 0.0343265 0.0300698 0.0424694 -0.0089896 0.0209856 -0.1180472 0.0244598 -0.0159048 0.0106215 0.0104093 0.0371282 -0.0713487 0.0322074 -0.0908299 -0.2784906 -0.2845638 -0.2791321 -0.2784295 -0.2783559 -0.2762091 -0.2794099 -0.2809676 -0.2828064 -0.2851161 -0.2854584 -0.2852267 -0.2855024 -0.2866359 -0.2861172 -0.2868237 -0.2875060 -0.2859730
0.0691002 0.0740079 0.0731163 0.0715316 0.0735207 0.0721843 0.0753229 0.0753476 0.0756667 0.0716249 0.0701958 0.0717902 0.0733501 0.0713424 0.0711228 0.0778050 -0.0168998 0.0013106 0.0009689 -0.0082142 -0.0160927 0.0042650 -0.0076715 0.0015144 0.0918678 0.0738417 0.0801379 0.0905658 0.0987229 0.0886741 0.0910161 0.8518621 0.0769443 0.0557125 0.0561088 0.0795020 0.0685945 0.0668325 0.0724933 0.0662635 0.0503820 0.0540113 0.0631074 0.0510879 0.0555628 0.0670798 0.0571472 0.0544008 -0.0042126 0.0429214 0.0255010 0.0208778 0.0289797 0.0443032 0.0421965 0.0203691 0.0188054 0.0281117 0.0560749 0.0371617 0.0646473 0.0591510 0.0593361 0.0508031 0.0403698 0.0479222 0.0382260 0.0547740 0.0386596 0.0656424 0.0440870 0.0154432 0.0190761 0.0331041 0.0325567 0.0407597 0.0249607 0.0047984 0.0206303 -0.0397138 -0.0493160 0.0313011 0.0233906 0.0351707 -0.0058228 0.0175456 -0.1055787 0.0159054 -0.0124738 -0.0017880 -0.0012351 0.0291206 -0.0577581 0.0288669 -0.0787777 -0.2491788 -0.2538878 -0.2499636 -0.2485503 -0.2476158 -0.2474465 -0.2493076 -0.2513573 -0.2520362 -0.2545878 -0.2548735 -0.2564881 -0.2569394 -0.2576674 -0.2578997 -0.2569808 -0.2582543 -0.2563420
0.0805924 0.0801340 0.0840633 0.0814432 0.0834911 0.0852548 0.0858309 0.0871557 0.0845000 0.0826826 0.0811105 0.0819856 0.0849344 0.0788128 0.0832570 0.0906303 -0.0153671 0.0045553 0.0034641 -0.0057359 -0.0157800 0.0059969 -0.0063183 -0.0015669 0.0824332 0.0826068 0.0794460 0.0649501 0.0713602 0.0719030 0.0831846 0.0769443 0.8511250 0.0635067 0.0746379 0.0944755 0.0752918 0.0848843 0.0894456 0.0878778 0.0599608 0.0660276 0.0775152 0.0619245 0.0666802 0.0695197 0.0598927 0.0700181 0.0001238 0.0572743 0.0355442 0.0200322 0.0404017 0.0454016 0.0473976 0.0225339 0.0236378 0.0291727 0.0742899 0.0381728 0.0735311 0.0634501 0.0623670 0.0624043 0.0520804 0.0585851 0.0435255 0.0687135 0.0442596 0.0723001 0.0437796 0.0177725 0.0185885 0.0494407 0.0433454 0.0413539 0.0300593 0.0086337 0.0276924 -0.0421761 -0.0523103 0.0357466 0.0306007 0.0423131 -0.0038790 0.0293721 -0.1218523 0.0296968 -0.0112960 0.0096372 0.0092087 0.0376743 -0.0690884 0.0211973 -0.0789120 -0.2825050 -0.2848547 -0.2835400 -0.2821158 -0.2815461 -0.2795970 -0.2815369 -0.2848570 -0.2854722 -0.2898729 -0.2888985 -0.2897129 -0.2896225 -0.2905640 -0.2908031 -0.2885646 -0.2897972 -0.2901379
0.0625261 0.0648101 0.0658119 0.0630010 0.0653301 0.0650002 0.0673488 0.0669783 0.0656476 0.0636188 0.0628047 0.0642197 0.0651982 0.0637241 0.0641932 0.0646793 -0.0027021 0.0099492 0.0096689 0.0028825 -0.0027241 0.0125623 0.0014771 0.0072243 0.0588404 0.0582156 0.0586776 0.0533470 0.0562102 0.0584233 0.0631061 0.0557125 0.0635067 0.9223502 0.0515612 0.0630617 0.0559266 0.0563137 0.0594776 0.0584949 0.0457573 0.0463489 0.0543563 0.0438982 0.0485129 0.0535600 0.0470090 0.0495793 0.0022591 0.0389796 0.0278260 0.0158705 0.0301705 0.0327037 0.0357235 0.0163910 0.0181946 0.0219686 0.0518449 0.0303998 0.0548276 0.0475415 0.0474607 0.0437032 0.0374055 0.0424746 0.0310376 0.0503215 0.0324528 0.0522293 0.0326657 0.0137656 0.0166656 0.0355499 0.0336702 0.0308650 0.0229090 0.0078728 0.0233143 -0.0315513 -0.0370624 0.0273145 0.0239602 0.0327630 -0.0006573 0.0190426 -0.0836227 0.0206391 -0.0082572 0.0120315 0.0116303 0.0294547 -0.0459933 0.0201525 -0.0598626 -0.2003856 -0.2042450 -0.2018954 -0.2005054 -0.2002552 -0.1981815 -0.2003407 -0.2022775 -0.2035705 -0.2068248 -0.2058515 -0.2071949 -0.2066913 -0.2077708 -0.2084248 -0.2072433 -0.2090966 -0.2076479
